100
27 67 16 77 29 14 86 51 33 6 92 0 30 88 25 64 82 99 21 50 64 3 43 10 10 98 24 76 30 69 86 46 43 91 13 76 62 43 75 22 65 46 100 32 37 44 37 50 60 18 30 3 20 73 98 69 73 28 21 12 28 30 62 67 36 51 74 70 69 64 47 91 46 47 45 82 19 89 32 27 17 58 94 85 4 51 2 44 66 68 72 84 80 6 68 23 59 97 66 75 
68 86 26 100 42 81 24 55 86 96 44 70 12 80 38 30 37 12 67 22 39 22 25 77 59 5 40 55 19 45 45 14 55 98 49 92 87 46 84 65 45 32 15 26 72 70 54 68 99 12 24 94 23 66 66 3 71 7 88 1 6 27 17 66 39 33 78 3 51 38 92 35 25 22 20 72 92 17 49 63 31 66 99 17 17 44 1 13 94 71 34 63 48 11 12 28 35 17 21 6 
75 6 63 84 88 72 76 85 15 46 86 5 21 79 96 43 58 27 60 46 83 1 16 38 24 25 64 79 61 37 70 53 35 43 53 6 94 87 38 45 45 40 13 19 2 47 34 48 50 11 74 57 66 8 27 1 69 62 27 92 65 13 73 20 78 79 17 37 24 67 51 93 64 62 6 13 11 60 35 56 80 93 43 45 4 37 89 14 27 100 21 6 28 1 35 32 73 0 24 34 
47 14 99 36 34 89 1 71 0 66 92 47 59 49 42 38 32 93 21 64 68 15 29 67 6 29 78 85 16 20 1 3 36 25 98 31 43 69 0 73 0 48 75 17 21 40 39 10 73 1 18 30 97 81 28 75 71 48 2 74 96 22 14 19 9 83 16 93 62 30 9 78 55 37 37 66 42 71 39 92 40 7 85 63 91 69 55 93 42 57 1 42 0 69 5 36 58 64 54 47 
71 57 27 69 70 55 21 48 4 97 82 18 21 88 98 68 5 79 14 35 41 12 49 61 68 81 68 15 93 5 95 72 88 61 21 67 85 26 33 79 77 60 54 5 47 70 34 0 66 89 2 27 93 95 19 45 50 94 85 72 56 35 21 9 14 22 16 84 96 12 31 32 4 54 81 93 42 25 41 28 33 92 6 58 68 59 15 69 34 35 64 11 21 58 46 9 62 90 75 100 
62 34 33 39 5 75 77 57 87 76 36 79 40 39 7 11 98 35 96 22 76 33 61 94 22 55 36 20 36 97 39 89 29 91 98 33 32 84 82 54 68 77 40 36 41 17 77 49 2 47 21 96 14 100 35 86 52 69 75 7 55 73 99 3 6 41 13 64 50 40 95 33 15 87 52 44 87 29 67 61 19 79 49 38 55 1 58 93 82 18 14 49 74 90 24 78 89 22 65 37 
17 90 96 69 79 58 65 4 80 100 20 24 18 89 9 1 41 89 60 13 65 100 7 13 61 17 88 83 91 33 70 18 64 73 100 70 82 43 50 22 64 69 74 1 43 1 87 66 41 35 97 69 79 55 35 40 76 21 31 68 14 19 40 62 85 29 12 70 21 76 95 59 50 45 98 89 24 72 54 42 92 18 26 18 16 34 78 28 49 67 13 20 79 4 34 64 13 96 77 97 
41 62 44 92 88 21 12 6 42 62 98 71 10 50 89 99 71 61 0 77 79 57 1 51 36 73 23 95 9 7 86 12 75 15 57 0 92 43 61 13 36 21 86 80 40 1 13 87 85 79 68 44 58 97 26 21 55 99 48 10 98 83 63 48 28 83 4 79 17 41 33 2 46 50 33 25 17 82 69 38 3 52 60 48 89 72 97 1 94 94 64 98 43 96 74 27 85 72 30 9 
76 1 13 4 18 81 80 9 22 99 10 87 74 17 70 63 58 82 56 13 70 83 41 30 92 2 58 11 56 67 33 17 69 49 19 62 30 9 24 50 39 1 91 6 45 36 60 79 31 64 41 0 4 72 6 13 89 28 18 27 31 29 41 45 84 64 6 78 88 19 35 8 67 36 39 5 16 13 51 76 99 11 39 57 65 13 56 21 84 69 38 8 59 68 68 77 3 99 78 10 
33 31 81 62 86 90 90 61 43 17 36 16 21 77 11 31 22 63 58 47 99 32 79 0 48 38 69 30 76 27 58 81 53 25 13 60 41 61 44 54 72 50 17 97 96 60 3 22 48 12 81 71 6 65 49 40 51 45 100 49 90 53 78 21 6 16 32 83 77 75 65 34 8 61 3 84 43 7 77 20 64 14 5 42 48 56 52 46 26 28 85 23 44 91 4 100 43 23 58 39 
45 55 49 32 18 90 82 4 98 46 2 27 47 40 98 16 60 93 24 27 22 84 65 1 34 23 84 21 2 55 75 85 23 79 61 69 44 26 42 29 43 31 12 96 25 80 68 62 60 14 40 7 1 48 36 48 50 63 65 27 53 57 89 88 29 67 40 50 0 61 46 58 19 27 5 100 25 60 97 91 50 46 64 13 29 1 10 27 6 30 22 26 84 91 52 76 2 76 79 100 
5 21 11 78 3 14 43 51 81 51 77 46 10 11 98 41 7 28 24 64 88 75 33 33 12 96 1 35 96 20 42 96 10 25 82 48 54 54 8 43 69 75 74 45 91 73 91 21 7 93 17 96 56 14 100 75 92 59 17 42 11 100 7 24 39 6 46 74 41 77 32 2 71 40 52 3 21 4 71 22 35 75 98 50 58 92 71 25 74 27 62 11 8 21 99 79 50 23 79 32 
73 25 83 85 26 63 48 54 45 8 2 94 68 77 32 83 64 8 88 27 30 72 100 93 39 22 90 77 14 34 6 44 83 27 18 89 68 35 67 75 11 99 13 19 19 61 71 52 57 45 71 74 66 77 10 48 11 51 90 1 98 4 19 46 70 63 35 86 85 69 74 71 69 14 36 8 3 36 94 73 24 54 47 23 99 7 53 56 28 25 29 100 77 77 73 34 31 98 64 81 
70 50 43 23 4 65 71 6 95 49 79 6 100 100 8 28 40 31 23 84 14 1 46 73 10 9 95 48 15 52 26 74 7 72 24 69 71 72 92 53 71 90 3 43 19 28 52 66 59 22 8 84 66 79 11 27 83 86 58 12 69 86 94 29 95 74 66 91 74 38 10 53 98 55 48 16 23 43 65 61 70 73 42 39 16 54 91 37 68 45 75 29 3 13 17 53 21 74 99 44 
62 38 32 6 2 31 30 19 42 28 18 50 50 95 73 62 8 20 83 14 90 21 44 83 12 78 84 95 36 62 100 85 88 1 9 91 15 42 58 61 32 83 14 77 64 33 31 10 26 55 81 48 28 51 6 47 3 90 26 63 92 97 71 27 6 97 73 10 70 68 78 93 74 30 62 37 36 82 35 56 75 6 99 25 11 93 45 12 32 29 60 13 27 5 30 46 78 47 47 75 
30 83 36 42 75 7 94 91 38 81 31 16 88 90 70 7 13 78 15 81 10 46 46 96 46 41 96 72 60 5 34 89 50 51 83 77 65 77 46 7 57 17 91 38 20 89 94 28 81 15 86 4 88 58 84 71 50 15 67 95 52 90 100 36 43 85 4 40 56 25 78 8 57 15 18 55 66 2 60 24 37 64 94 45 38 24 6 92 92 30 47 51 31 90 73 41 56 86 92 18 
41 99 98 36 75 58 70 16 76 68 66 45 22 85 79 27 61 88 39 92 79 38 51 59 0 77 34 88 22 19 46 58 26 23 48 59 94 6 34 87 49 78 29 87 79 74 8 31 36 89 0 98 13 22 66 17 31 22 55 31 79 25 86 74 96 39 66 92 88 83 39 77 98 94 5 29 84 30 63 84 13 36 43 61 10 73 91 3 76 35 41 61 68 50 40 74 30 11 79 33 
0 99 100 10 14 62 9 18 84 91 22 40 20 95 57 56 76 83 84 45 24 26 35 4 32 74 68 92 66 74 36 48 57 2 15 28 61 82 68 3 76 92 96 43 69 57 79 61 18 67 28 25 22 0 30 68 5 93 14 48 20 32 7 4 94 3 99 1 93 81 23 49 43 64 91 8 39 95 26 12 6 12 54 30 9 63 50 38 94 27 7 39 90 58 13 42 10 41 20 43 
21 11 87 23 45 41 0 51 46 38 7 6 42 30 73 75 94 0 47 39 80 11 91 4 55 38 50 35 94 65 7 99 6 38 73 3 58 92 75 4 64 43 68 7 56 92 97 61 8 13 87 76 76 3 19 53 5 53 25 80 80 11 72 86 9 54 75 64 3 30 6 90 13 77 57 4 12 56 9 51 22 26 2 88 72 78 52 43 72 73 4 82 17 8 24 79 86 61 23 13 
65 21 30 53 31 92 46 34 23 19 7 76 75 35 78 40 71 87 73 2 6 59 78 55 93 90 36 42 69 46 52 83 98 76 80 91 32 5 0 59 70 97 2 15 74 48 87 89 25 99 21 2 30 89 85 8 61 79 0 25 65 52 19 43 6 96 61 67 57 52 19 31 57 20 18 6 19 11 25 73 91 50 69 77 61 7 43 73 69 91 86 8 44 3 31 100 97 30 92 94 
83 33 8 18 31 87 95 55 80 71 53 10 66 47 83 27 25 30 31 29 66 88 46 13 18 81 85 39 20 77 93 39 1 77 51 48 44 38 27 3 51 0 6 54 13 77 47 47 32 41 38 27 48 35 75 26 21 62 0 27 90 66 66 88 27 79 11 57 93 8 38 32 7 53 3 84 38 86 14 55 72 5 60 50 71 79 24 85 69 8 5 10 63 34 16 25 69 64 1 22 
91 9 8 43 35 84 21 71 8 41 53 3 46 91 80 21 93 80 47 3 88 36 61 85 46 21 18 98 48 9 24 12 28 82 75 33 30 42 49 65 22 29 87 29 95 45 66 43 63 34 78 12 58 59 63 58 58 45 2 6 65 78 76 61 83 77 58 77 28 78 93 100 54 27 11 15 39 43 30 97 44 16 97 13 56 19 1 29 10 27 28 14 91 99 20 99 92 19 69 77 
60 65 23 86 65 44 36 89 67 15 66 57 92 29 68 96 97 82 44 79 17 36 54 96 46 17 92 33 25 65 54 79 37 49 75 29 20 51 83 61 49 30 15 67 64 100 12 21 89 70 21 81 53 77 10 17 52 1 39 11 86 22 6 48 41 57 49 58 89 56 31 34 82 59 100 63 76 44 51 97 85 1 29 31 22 13 40 29 64 92 56 58 5 31 47 46 18 72 92 94 
41 55 33 23 26 95 43 16 49 97 90 100 98 38 55 51 6 89 45 11 79 94 73 22 21 92 97 10 69 2 2 69 96 61 9 47 86 72 39 67 79 25 90 10 86 23 49 68 73 62 53 63 89 98 83 3 30 40 58 65 47 71 100 23 29 10 81 36 40 68 40 4 49 33 72 69 58 25 70 62 96 70 48 8 53 39 75 25 16 16 81 5 90 36 51 75 9 43 40 27 
29 98 67 41 75 83 26 58 89 72 82 77 49 100 73 91 70 2 24 90 26 51 39 75 68 3 18 54 64 45 94 12 40 47 56 26 17 73 56 46 23 25 87 24 11 82 41 53 35 15 4 81 8 65 67 41 12 28 41 51 77 53 60 0 72 2 12 33 13 62 36 92 58 7 18 38 7 54 36 69 10 46 52 29 59 86 66 6 0 9 6 27 12 34 73 0 7 99 32 86 
17 87 85 53 29 51 61 2 20 30 41 28 52 18 34 37 74 72 98 58 69 27 83 22 20 19 37 81 52 15 2 16 70 87 47 17 37 43 35 25 83 31 68 34 72 94 16 41 12 89 93 13 45 34 85 10 11 16 1 69 93 74 61 22 32 96 98 62 27 98 40 8 72 78 85 80 63 93 38 12 64 48 82 19 69 4 65 6 86 94 9 92 85 3 66 97 95 47 95 33 
93 83 22 63 22 72 73 87 12 45 90 6 37 96 80 68 20 72 9 3 74 10 38 95 65 51 83 96 81 12 82 37 39 22 21 64 75 75 72 76 6 79 41 100 41 27 4 67 45 7 99 73 9 60 90 36 51 41 41 87 75 66 61 69 10 66 1 38 59 39 6 74 25 64 67 19 75 96 39 25 27 83 47 70 32 54 95 63 30 71 91 44 4 16 47 52 74 18 85 23 
77 52 98 20 30 9 63 15 56 34 87 65 19 50 74 97 82 69 27 94 24 4 45 51 3 76 24 10 69 26 17 18 52 3 28 100 39 94 32 18 33 23 46 57 42 33 8 68 45 10 31 49 13 66 69 28 8 62 22 72 10 1 96 64 91 90 63 81 17 50 42 53 72 90 1 41 10 81 0 46 25 50 78 66 85 70 17 47 12 13 69 77 42 59 93 91 80 40 10 53 
46 97 67 66 40 23 96 16 51 98 17 62 59 18 84 81 65 78 24 44 46 29 18 25 44 51 32 41 62 76 5 3 27 19 72 85 97 76 71 72 86 71 81 96 42 52 35 90 48 45 74 37 52 56 14 63 8 99 16 65 43 78 41 94 4 17 57 74 59 18 8 22 89 0 30 52 74 53 44 48 10 84 84 38 23 30 9 64 66 95 51 32 15 4 82 13 42 28 59 92 
92 12 36 87 75 11 12 14 56 49 69 11 96 30 66 37 97 83 59 46 12 85 67 42 78 21 48 56 77 32 95 18 19 67 94 39 40 56 10 4 37 52 94 7 100 81 9 62 24 44 2 30 73 56 85 37 86 37 30 13 67 51 98 59 10 25 49 3 2 86 42 78 13 61 15 67 100 22 98 8 52 39 67 9 5 64 76 32 86 55 78 98 65 15 10 12 83 91 70 29 
39 34 16 17 50 79 90 64 57 45 17 64 25 26 74 77 98 64 46 32 40 80 52 16 82 41 83 12 13 46 96 9 88 73 36 98 94 1 87 1 99 64 21 9 94 80 35 85 44 5 80 24 45 98 43 54 19 55 42 74 80 34 34 100 28 63 25 14 2 72 2 28 33 18 69 94 9 11 44 89 82 54 10 74 69 51 40 81 49 43 20 36 9 32 98 67 95 0 71 4 
42 23 33 52 51 64 97 46 28 64 84 56 82 27 8 27 70 77 4 40 10 26 16 30 73 78 19 83 29 54 37 83 64 49 91 37 54 78 92 0 96 100 75 61 72 85 35 81 53 1 98 76 94 41 48 11 3 86 39 18 13 16 26 11 26 67 11 65 95 66 18 47 74 1 98 43 17 40 43 42 26 100 19 91 89 49 86 29 92 20 21 17 40 37 31 55 57 51 79 15 
24 77 92 79 69 69 89 93 8 49 66 67 71 49 16 46 77 81 73 11 5 5 88 69 97 34 36 94 62 70 14 31 90 67 4 60 36 95 54 55 16 6 27 79 86 5 47 6 10 80 21 67 42 43 15 34 82 22 5 77 6 95 71 55 15 35 98 90 91 90 15 80 24 5 45 52 45 43 99 62 23 58 90 29 31 83 13 62 32 59 54 76 2 74 54 43 85 65 48 58 
47 98 94 41 66 51 72 83 13 58 0 36 27 68 17 35 8 33 100 30 53 84 84 56 34 19 47 11 75 51 70 70 14 39 95 7 74 4 7 92 68 2 24 82 49 61 3 80 23 85 95 17 30 5 82 77 63 30 24 34 28 14 11 34 0 70 80 12 31 22 33 6 80 26 85 82 9 14 2 18 57 27 48 92 32 2 22 5 66 43 10 32 29 45 25 82 90 61 26 84 
34 3 20 64 64 78 9 17 83 31 42 60 9 45 62 62 80 65 74 63 10 10 38 7 71 2 89 71 84 21 68 30 57 45 77 51 51 88 10 34 94 83 72 20 13 68 14 14 3 80 98 35 80 6 29 87 84 71 26 6 57 3 7 95 59 97 4 23 65 43 90 16 82 11 79 39 74 76 35 61 33 20 77 13 48 65 45 88 70 93 98 19 90 54 63 92 64 23 94 27 
86 12 27 51 8 72 53 81 87 36 17 73 47 99 55 0 90 70 19 66 66 48 55 18 93 9 67 36 81 84 72 91 41 36 23 14 74 0 97 0 48 11 89 11 35 51 100 36 41 36 44 89 65 74 31 50 50 22 65 59 40 39 60 21 18 19 17 11 46 47 84 92 61 77 67 64 59 74 28 10 29 29 94 84 67 76 6 42 80 70 15 50 98 73 57 21 95 86 34 47 
75 30 0 28 27 75 41 20 84 41 34 22 95 16 42 35 71 98 52 56 15 86 93 42 93 84 66 58 50 94 13 30 21 94 94 50 100 67 26 73 17 87 61 21 68 2 23 87 13 85 20 37 81 85 84 88 87 65 70 94 81 90 95 39 54 52 31 47 30 45 81 73 65 25 89 24 86 36 96 84 69 7 54 22 60 54 89 48 23 97 90 69 17 83 43 99 84 89 32 47 
75 9 48 41 9 41 32 99 85 74 20 31 67 62 90 58 37 89 22 35 58 53 33 5 47 18 83 92 72 100 49 87 95 91 71 90 47 30 54 78 4 2 41 3 76 13 55 41 90 73 71 29 40 68 63 18 19 86 53 17 49 18 71 66 51 26 64 100 68 73 97 43 91 59 1 66 42 39 56 49 10 39 20 1 88 53 15 47 17 69 59 75 68 82 37 39 53 43 99 55 
62 48 52 47 32 86 3 8 27 45 48 40 80 9 83 48 43 80 65 53 37 52 69 79 65 48 63 68 69 18 15 99 80 87 34 76 79 56 34 58 43 59 68 51 98 13 29 14 30 0 92 4 69 12 60 91 45 61 57 22 0 16 70 89 17 6 62 54 13 95 20 23 41 24 96 12 37 10 43 2 42 80 41 82 71 20 25 41 92 76 21 81 22 8 76 71 20 20 32 84 
49 26 21 0 40 52 53 80 4 24 80 28 63 67 19 12 39 47 86 7 29 60 93 30 99 100 73 63 3 97 48 64 29 57 49 4 55 25 92 43 36 42 95 10 35 51 13 49 13 99 5 83 35 66 99 52 54 55 57 55 47 75 80 2 3 7 44 49 95 62 17 74 72 95 25 83 39 32 88 81 6 43 31 73 81 55 4 20 0 61 27 11 73 32 1 56 67 80 93 78 
83 70 10 23 70 6 12 25 77 97 70 21 7 26 56 74 8 61 22 78 69 23 21 82 67 46 22 18 88 19 5 8 21 7 89 37 76 35 8 31 35 12 53 77 37 98 98 10 83 42 89 1 80 79 20 62 57 18 88 51 65 79 54 0 7 90 33 83 26 58 81 53 67 29 78 31 47 53 33 50 6 26 87 6 54 14 77 4 36 23 37 53 48 0 31 91 81 0 30 66 
43 83 69 1 62 56 91 53 36 39 22 67 95 9 37 32 76 64 58 21 79 70 42 71 55 18 36 97 88 49 76 71 56 56 22 47 69 67 93 44 19 77 55 13 100 60 65 9 15 7 44 97 30 57 24 6 41 70 80 30 43 2 56 63 36 81 94 61 40 65 58 44 15 50 62 23 42 11 3 6 6 19 28 45 14 78 29 24 75 26 43 25 74 22 93 0 90 10 76 27 
28 77 83 61 74 89 76 99 24 26 49 60 83 4 19 54 37 95 62 0 58 65 19 53 57 70 86 23 9 75 49 36 80 32 0 94 63 16 55 13 30 78 91 97 25 88 95 82 29 25 40 3 68 53 20 66 26 32 41 36 64 10 19 33 53 8 35 36 98 45 1 76 66 11 26 72 18 27 34 64 33 72 51 23 12 5 10 50 50 22 89 51 68 10 51 81 0 29 61 91 
49 78 59 19 52 7 28 41 49 73 44 75 99 5 40 60 60 28 84 20 24 65 62 92 23 36 37 40 87 100 30 56 82 36 57 25 3 94 90 63 7 77 87 23 74 50 12 8 82 74 33 79 70 56 73 86 96 21 10 79 14 37 30 22 19 63 54 87 57 32 88 55 74 28 39 87 90 74 65 28 96 0 23 12 86 73 27 73 5 78 49 90 52 42 98 1 30 3 78 2 
65 57 56 61 0 20 94 5 68 54 59 43 79 44 34 42 100 49 65 43 68 64 14 41 52 70 63 33 86 10 56 40 70 16 97 89 74 46 68 60 89 94 22 18 56 0 100 58 4 100 76 52 98 0 53 100 35 61 75 47 19 10 89 1 43 25 75 12 39 70 67 6 70 54 57 50 96 57 38 97 31 98 27 5 69 74 13 51 57 21 93 11 52 94 44 71 65 24 74 59 
46 82 37 0 51 21 60 63 85 35 14 23 82 55 81 78 49 97 70 67 1 16 50 16 8 40 94 79 54 82 75 60 31 50 25 13 0 20 18 28 44 73 5 91 93 81 32 34 62 5 40 5 17 4 75 90 73 65 77 59 54 21 45 59 50 36 47 6 65 19 43 29 7 31 71 23 13 68 25 21 35 43 84 10 38 34 88 97 76 99 5 14 89 49 50 49 4 4 20 66 
59 68 52 43 2 31 59 92 88 37 84 22 43 39 46 1 76 1 0 23 51 97 91 51 9 83 29 4 40 10 47 85 38 87 51 38 69 41 60 82 14 62 25 89 63 31 14 71 67 62 47 98 79 71 72 77 78 68 73 20 22 57 73 52 67 21 27 95 40 6 60 80 87 45 11 19 18 31 18 81 76 39 10 34 99 27 45 15 3 19 7 90 91 94 25 20 4 87 4 100 
49 93 8 1 66 11 32 52 50 70 60 81 32 26 81 20 40 18 19 47 11 61 95 23 13 63 35 10 22 54 9 4 92 83 77 36 95 58 21 76 86 14 10 83 61 98 53 33 5 87 76 56 50 4 43 30 39 98 1 34 29 76 95 59 95 36 96 62 84 36 6 2 59 20 41 23 42 30 90 75 75 25 95 38 49 14 87 40 86 91 83 73 46 32 100 74 14 77 10 97 
39 39 96 97 6 91 52 17 6 93 84 85 98 71 85 39 77 94 18 21 62 70 5 67 88 16 74 14 85 0 93 21 63 69 44 26 8 34 99 17 97 100 53 94 61 54 67 30 98 3 100 77 80 53 12 46 37 30 31 67 99 85 0 73 11 43 86 75 65 50 52 12 81 60 21 0 64 96 65 70 87 17 96 34 54 65 59 69 46 7 91 100 8 94 34 3 5 17 4 16 
5 71 96 17 5 38 3 55 100 32 28 35 71 60 6 58 46 17 0 94 17 16 4 28 57 11 93 12 95 47 75 60 80 36 41 78 45 71 93 15 17 69 19 16 18 87 12 50 33 16 34 38 94 12 9 81 90 43 91 11 5 69 39 99 24 86 88 28 11 73 19 34 70 67 59 91 63 3 100 47 71 27 100 23 27 4 86 34 69 54 11 28 37 92 56 46 93 40 16 43 
69 62 61 14 59 51 83 23 76 76 76 55 97 49 8 39 83 44 65 34 88 100 54 36 23 90 8 68 71 80 80 60 23 50 89 10 30 54 96 9 43 78 53 70 15 17 85 9 3 78 87 74 1 28 17 11 67 9 71 51 64 19 19 71 14 49 51 31 46 95 15 17 42 82 24 28 17 85 11 100 1 52 66 71 69 93 83 13 96 9 8 7 20 21 72 75 98 52 91 16 
15 100 19 15 6 58 74 89 10 35 98 62 29 95 86 81 48 77 33 89 75 86 68 99 36 51 4 36 50 68 85 78 37 72 54 44 20 49 19 44 35 2 8 96 61 48 61 81 35 71 24 90 38 94 99 10 23 54 83 70 88 27 14 17 70 32 22 33 23 76 76 72 63 57 69 41 83 36 70 86 52 14 64 37 0 10 31 64 28 35 2 46 94 33 29 19 31 78 99 28 
93 75 45 40 81 26 28 13 91 39 14 61 10 21 36 55 45 29 30 5 54 47 99 8 92 100 25 1 86 70 29 88 87 51 68 39 12 29 96 56 64 63 30 24 15 25 34 26 36 68 10 73 66 20 64 88 58 82 5 9 89 86 44 74 20 35 62 43 95 78 48 58 2 82 4 0 41 37 67 47 63 70 64 85 75 89 50 43 20 31 81 36 8 40 30 49 12 27 8 60 
55 30 9 81 49 54 11 38 97 85 1 4 53 91 34 97 26 93 78 67 62 85 25 84 64 92 48 92 84 96 53 36 94 35 41 29 85 38 53 10 50 61 75 67 100 57 39 32 48 60 24 36 17 91 92 64 16 49 98 38 49 23 4 97 88 4 51 69 69 71 34 38 29 75 36 83 11 20 6 63 49 100 96 15 74 23 23 41 3 68 35 85 89 75 36 47 30 24 73 77 
45 64 96 24 96 29 7 39 0 1 85 85 37 92 41 86 2 83 0 40 80 95 32 27 11 27 72 30 4 88 53 93 11 95 11 37 70 14 53 10 38 91 13 88 40 41 92 40 55 68 54 57 76 66 75 78 16 84 39 13 66 21 85 56 17 9 97 96 89 27 22 77 16 91 83 26 16 9 40 65 8 76 89 22 66 24 62 50 5 59 75 55 3 69 55 6 21 83 66 99 
66 98 20 44 69 86 4 9 98 96 89 72 18 56 51 89 71 2 49 17 72 52 22 51 10 96 41 59 10 44 47 13 89 62 11 5 51 31 51 7 92 1 100 16 56 87 88 5 30 24 20 10 34 61 72 66 36 26 89 85 62 18 40 11 75 44 42 29 44 95 62 89 25 77 3 16 40 0 26 56 14 74 59 73 35 79 82 55 23 79 72 99 69 74 12 32 62 5 46 26 
98 12 83 99 82 49 47 2 89 28 31 93 54 13 33 54 1 55 13 12 30 17 8 78 46 60 25 9 74 80 98 81 55 3 37 8 22 5 45 62 73 97 58 15 39 52 98 46 25 52 66 97 2 41 42 69 90 54 72 42 10 22 17 20 72 99 97 94 37 83 15 31 73 61 53 93 50 61 48 27 24 70 29 76 5 8 31 62 80 89 8 80 89 36 93 89 28 43 13 41 
7 51 44 59 51 45 100 42 71 89 24 62 10 23 72 70 79 15 37 66 62 35 2 97 58 71 26 88 55 64 30 75 1 28 90 10 94 55 31 50 42 88 92 78 52 39 55 6 35 1 56 89 20 21 24 1 99 38 49 79 25 57 84 12 6 80 10 95 71 96 43 94 98 57 18 11 52 70 47 35 33 13 78 99 51 43 83 28 51 71 78 67 6 31 1 37 55 74 91 93 
76 13 54 75 86 77 54 6 41 93 78 43 81 75 14 32 88 24 17 60 15 18 71 29 4 77 46 39 40 16 73 75 68 64 44 90 90 97 38 18 31 0 88 42 42 26 37 64 32 14 21 48 68 96 87 2 78 87 60 64 42 0 15 40 3 18 44 12 5 34 4 5 100 52 92 34 29 29 45 46 24 72 21 35 73 2 40 67 26 89 36 4 48 26 87 31 94 29 78 42 
36 80 77 86 8 91 99 6 0 8 37 69 73 30 80 46 13 50 31 31 27 83 11 92 57 39 27 51 87 17 47 72 71 1 48 33 41 15 67 20 30 32 38 47 65 89 36 27 87 65 59 82 17 80 95 24 49 22 36 71 70 63 1 73 5 58 81 38 9 50 20 22 84 63 19 55 59 28 97 19 96 8 38 100 36 63 50 49 74 59 24 99 83 37 85 98 49 26 96 24 
59 91 100 93 83 96 77 0 95 32 85 43 89 46 52 87 26 37 27 37 28 83 18 24 6 58 61 36 45 5 42 10 95 55 12 5 86 32 35 30 90 78 76 57 75 77 43 87 21 80 50 41 55 17 71 25 100 24 45 0 53 51 9 93 69 77 17 47 80 31 49 24 91 42 22 41 50 6 23 30 24 36 5 47 46 21 78 98 36 17 99 53 65 59 63 38 47 58 4 51 
26 19 71 35 66 28 26 13 16 85 17 51 76 78 48 83 63 70 64 94 24 17 7 23 4 82 46 17 76 83 14 76 5 96 53 72 52 64 71 86 48 42 53 67 71 32 36 50 1 15 9 79 0 90 5 35 71 50 36 13 26 47 68 74 0 37 48 90 83 48 83 35 81 82 39 73 1 65 63 80 17 60 67 11 80 8 61 34 64 57 7 57 38 63 19 19 83 69 5 16 
0 92 30 77 96 71 44 46 83 100 2 49 57 65 44 18 90 33 93 4 15 73 21 4 1 20 75 68 26 62 52 79 30 31 69 63 35 97 35 55 96 29 33 3 80 13 78 87 52 78 84 20 64 85 65 59 5 25 27 25 24 38 5 10 78 29 35 81 28 77 65 37 62 25 10 39 95 62 48 3 0 41 81 72 46 1 40 69 90 7 98 6 57 63 91 10 74 3 15 99 
80 80 41 77 71 78 30 61 12 75 61 72 63 75 7 93 7 48 65 68 50 12 9 77 8 95 41 28 17 12 30 52 57 77 31 73 37 42 32 25 35 48 95 40 66 73 82 1 32 29 66 77 17 64 65 82 9 28 6 25 89 58 92 84 84 73 72 84 10 100 38 66 34 12 70 29 43 82 12 95 29 53 33 32 6 2 16 35 50 73 51 23 49 90 93 58 75 67 12 24 
55 46 73 0 18 73 36 60 40 76 87 49 19 75 22 74 0 78 95 55 80 72 52 87 41 63 29 65 4 14 18 12 29 2 85 25 52 13 11 13 71 44 85 36 74 41 61 54 4 24 21 28 25 62 12 11 64 55 79 42 94 8 67 38 45 59 16 71 6 36 60 70 44 54 94 48 19 45 79 85 8 88 11 77 86 26 24 37 64 69 53 96 10 89 51 22 65 74 55 52 
97 47 28 85 34 90 5 18 77 74 18 24 81 99 74 3 50 52 21 60 2 66 55 24 36 86 19 71 9 34 69 74 41 58 19 0 88 57 36 55 80 58 4 0 59 40 35 61 24 60 34 38 22 89 37 8 1 46 49 80 34 80 63 10 61 14 51 86 41 21 62 51 97 22 8 0 4 68 89 57 1 21 9 87 32 93 33 6 84 27 74 70 64 92 2 27 83 9 0 14 
3 41 70 33 11 6 26 1 76 75 48 47 24 7 65 77 92 72 7 14 3 15 40 100 16 49 62 71 77 83 10 48 93 21 78 67 55 62 0 62 27 54 76 24 95 71 74 42 5 6 79 9 1 18 54 49 68 29 21 11 74 68 100 87 33 45 85 96 17 9 12 34 65 80 69 63 72 80 83 72 83 87 96 47 61 4 2 5 86 50 55 70 51 42 38 10 52 81 97 88 
22 64 43 80 63 98 4 2 49 80 91 2 44 89 48 20 15 77 19 55 50 24 11 45 33 33 60 24 67 39 37 61 53 30 32 67 20 66 66 46 38 67 72 97 38 27 70 60 55 85 63 0 23 10 94 49 1 15 64 37 8 26 85 58 8 48 47 32 4 65 71 96 95 37 56 19 48 43 76 75 60 84 95 0 46 17 79 54 43 98 21 71 1 60 3 43 22 74 68 2 
34 50 15 13 20 81 42 83 13 76 17 99 73 19 0 19 43 97 38 0 34 92 63 81 26 74 43 31 85 41 75 33 24 42 46 74 36 78 45 67 81 49 50 59 93 72 26 78 94 41 93 9 68 59 85 19 13 67 97 62 92 90 20 67 43 44 43 57 94 56 36 59 97 12 51 61 97 25 87 9 85 97 41 96 81 95 32 60 5 36 95 53 29 5 82 63 71 4 81 55 
61 46 12 99 99 24 4 95 47 67 53 98 43 37 17 96 3 98 89 58 13 8 48 16 40 9 39 49 9 22 11 95 53 59 16 89 96 18 59 81 27 65 69 51 6 18 5 84 36 14 82 16 100 17 72 45 87 26 29 90 2 97 48 10 31 65 76 88 20 94 83 82 93 88 77 66 64 39 23 72 12 26 21 94 79 43 15 98 5 27 71 74 59 52 14 76 17 82 14 13 
88 31 9 24 89 53 48 0 2 93 83 49 28 17 63 67 6 44 53 83 49 65 29 38 69 25 97 44 20 49 89 87 91 71 20 86 65 28 67 83 62 31 73 33 80 21 90 57 63 7 75 47 19 4 51 89 50 51 2 17 24 23 50 41 95 77 90 68 71 12 74 40 33 86 90 29 67 5 85 10 94 76 39 46 62 5 86 78 42 47 44 96 47 7 26 70 42 83 16 64 
18 52 81 50 62 2 95 27 79 98 70 10 42 74 95 42 96 3 95 74 10 73 71 12 63 85 54 69 48 48 56 79 9 56 58 14 34 40 9 51 67 46 0 66 4 82 84 65 16 98 11 45 14 11 53 70 40 98 86 91 5 88 49 24 46 54 1 83 58 38 37 6 39 19 70 86 71 21 97 38 36 87 25 19 56 5 68 20 59 23 89 3 1 13 9 34 94 93 95 61 
23 52 71 21 39 29 30 28 46 67 45 7 57 39 54 39 0 76 84 38 6 43 43 21 69 80 62 23 61 96 18 71 32 15 85 17 80 12 77 77 26 21 48 57 97 48 15 50 12 2 91 92 100 28 42 30 44 23 5 88 3 50 97 80 82 21 56 53 10 21 2 18 64 99 45 62 20 34 97 54 50 3 86 16 31 43 51 17 20 50 33 71 39 17 25 27 34 88 43 11 
39 42 44 84 62 54 26 66 37 18 44 13 84 40 43 42 25 55 34 26 85 47 31 85 86 79 57 97 80 1 38 54 78 24 51 76 79 96 15 49 62 12 73 46 78 82 88 78 66 22 28 6 36 47 20 79 52 93 13 100 89 75 84 93 38 79 45 100 10 48 87 29 12 92 13 32 9 27 65 67 53 51 39 63 11 78 56 80 63 64 31 25 0 34 57 51 25 49 60 76 
78 71 36 2 6 93 8 52 34 29 27 81 7 37 29 29 15 19 44 56 33 48 62 45 46 75 70 44 60 43 89 69 71 82 20 46 69 84 16 55 93 39 61 81 79 71 76 16 35 84 68 50 81 0 70 33 15 17 28 81 51 42 49 60 71 83 6 88 10 57 52 84 33 91 90 54 50 55 27 17 23 48 4 46 39 58 32 23 32 8 72 38 67 48 62 42 74 72 25 7 
18 49 56 6 59 87 72 78 77 61 32 73 29 15 79 62 76 73 86 36 49 7 91 28 25 26 16 1 13 2 82 93 10 57 71 79 25 86 70 57 92 75 21 22 14 47 37 84 62 19 93 34 97 86 52 0 0 73 17 94 76 11 35 10 65 58 67 75 25 87 14 31 44 77 72 37 18 42 76 48 82 31 72 57 75 99 74 42 14 91 83 87 58 33 18 40 5 32 71 37 
23 0 83 18 27 34 87 76 9 100 85 57 12 36 0 70 64 70 39 4 78 73 87 99 52 13 62 79 18 7 66 100 62 7 59 77 98 9 82 53 34 57 28 63 34 5 84 98 72 36 4 37 33 2 32 46 48 57 84 19 77 45 64 52 22 57 92 100 98 21 75 15 51 7 25 87 27 4 83 54 85 60 38 77 41 26 21 19 58 60 39 65 71 69 77 13 41 24 23 89 
33 69 68 39 28 85 68 40 79 44 72 38 58 72 55 76 36 65 85 65 5 21 21 39 82 81 99 35 93 97 0 69 53 57 6 74 17 65 59 73 18 86 98 80 85 30 20 33 53 46 9 32 68 21 67 47 47 40 69 41 32 45 48 61 69 91 18 25 91 63 19 46 39 78 49 38 26 5 77 73 6 88 39 17 75 53 53 88 98 43 100 68 27 40 27 33 36 57 91 59 
6 63 64 82 21 77 13 60 70 81 48 56 96 54 1 55 38 34 34 82 35 35 68 43 97 91 37 51 14 43 53 86 30 17 57 57 62 70 8 64 37 34 18 79 98 16 13 0 7 99 70 89 84 18 57 7 55 17 33 88 52 87 90 32 83 50 41 12 92 94 34 84 8 87 50 19 90 20 30 50 0 14 98 45 49 64 31 74 14 26 30 11 73 14 59 95 79 98 6 41 
70 34 5 87 71 0 86 77 24 18 51 33 60 97 48 72 17 12 56 0 55 63 12 25 88 47 58 60 1 75 68 30 77 22 39 66 7 47 74 47 75 66 47 49 54 98 89 37 34 42 53 49 92 71 89 57 99 62 86 28 59 15 100 16 65 80 34 74 100 70 98 4 98 97 14 100 86 38 34 18 2 20 28 94 55 5 4 27 94 17 69 2 85 75 44 92 77 78 90 53 
36 80 62 58 70 3 39 59 29 55 65 33 59 65 33 24 9 91 97 82 66 75 34 13 91 21 4 52 71 34 20 28 4 16 79 44 88 61 2 32 84 6 37 46 72 94 1 33 48 66 93 0 53 43 78 25 73 7 49 62 39 57 54 14 0 41 7 90 3 56 16 10 83 67 59 91 71 62 10 59 29 5 57 2 69 65 11 72 96 85 52 80 91 48 88 86 1 62 16 91 
4 57 77 71 19 48 58 92 72 15 22 23 50 43 4 27 31 46 3 46 46 100 82 42 65 66 33 85 69 94 36 47 50 35 52 66 33 62 83 42 81 16 99 22 31 24 68 11 71 23 47 44 49 55 68 11 91 6 17 48 29 95 91 71 76 8 94 34 36 45 19 29 50 4 16 97 65 90 91 13 12 84 98 18 44 22 64 97 0 56 67 78 48 93 69 23 37 76 99 0 
49 63 58 74 35 13 21 16 21 35 34 83 23 61 19 81 62 44 84 78 16 61 34 39 2 9 20 34 43 49 15 20 88 46 67 82 95 33 18 69 97 16 67 40 91 79 37 14 45 44 52 25 2 90 44 97 7 70 19 24 97 78 100 78 48 41 52 77 46 48 38 53 25 80 94 54 44 68 57 36 77 2 68 35 4 83 20 75 59 7 43 53 46 58 28 47 28 75 66 81 
98 19 11 75 7 75 41 58 20 33 75 32 49 82 68 95 50 4 2 98 9 53 50 44 56 76 95 72 30 33 42 49 61 81 41 93 58 89 53 39 87 100 68 62 93 100 51 72 1 79 100 20 2 96 90 76 82 24 7 55 69 37 61 5 61 47 42 28 98 20 85 5 40 69 73 59 19 58 69 60 67 20 90 29 66 91 90 44 79 27 85 1 40 11 84 68 46 20 89 2 
3 27 95 91 68 47 95 99 54 28 46 43 73 35 53 37 83 6 40 30 21 15 50 19 53 59 76 32 6 22 23 52 75 5 92 76 47 87 41 89 12 47 32 30 33 76 86 3 84 8 43 5 61 9 8 42 64 54 68 32 50 39 4 73 8 17 94 23 27 77 46 66 69 70 54 80 23 44 5 2 59 61 13 66 76 78 66 37 44 42 53 83 48 29 60 17 9 85 35 63 
92 10 100 54 91 74 1 18 62 32 94 67 89 98 38 88 65 35 54 44 45 78 48 77 85 76 61 41 11 66 75 75 39 69 64 93 71 5 87 51 30 36 39 76 69 77 48 98 15 34 6 15 88 58 17 45 65 75 63 59 38 22 64 17 16 39 0 94 11 39 56 78 42 43 38 79 30 42 24 89 32 27 28 50 27 32 4 100 38 60 37 42 16 50 45 74 57 45 56 100 
12 61 18 32 84 18 78 25 72 33 72 89 94 17 37 63 92 66 56 86 15 55 95 78 77 61 52 65 13 54 19 38 95 83 51 63 76 56 79 84 33 75 86 66 24 97 7 69 43 17 46 34 37 88 35 55 63 79 100 2 41 84 65 27 95 86 75 79 8 17 46 65 63 59 69 53 96 7 99 42 56 92 49 94 21 19 11 22 30 66 50 23 83 55 54 41 84 19 8 98 
9 23 85 97 48 94 29 47 82 80 56 73 45 28 7 23 14 75 48 28 41 84 44 89 44 10 43 26 58 48 0 34 62 42 82 19 0 66 54 98 60 95 10 95 91 83 27 34 97 53 72 95 13 78 28 7 74 9 35 32 54 17 85 25 100 63 71 64 0 76 82 4 67 20 48 70 11 79 45 45 51 73 79 87 46 63 16 13 27 45 89 52 4 86 95 55 12 7 54 89 
66 38 25 92 73 88 14 51 37 22 25 96 64 74 91 29 19 64 83 34 73 16 3 51 50 94 45 66 38 59 49 99 40 5 50 77 20 64 37 46 95 62 35 9 25 99 18 18 82 46 80 6 0 12 9 53 87 81 0 16 60 20 43 11 89 86 40 87 87 48 88 96 63 0 34 45 82 53 14 40 20 20 41 30 85 13 34 85 48 27 3 21 23 85 36 93 48 72 60 11 
5 56 9 67 74 37 47 39 17 61 71 50 31 89 60 61 23 47 92 73 36 26 88 87 74 22 74 32 93 53 52 9 74 84 14 3 68 56 17 69 28 9 12 63 8 69 98 0 97 45 81 74 91 80 81 56 4 67 100 13 18 60 19 61 18 30 74 48 57 97 56 90 61 76 73 84 98 78 75 80 50 16 0 30 64 34 88 97 11 52 40 89 50 92 77 97 86 42 14 15 
2 80 21 92 61 71 89 56 99 40 81 73 15 32 19 4 56 89 20 13 94 36 99 54 33 3 99 28 65 100 4 54 66 99 19 36 81 82 81 44 63 68 8 26 99 98 21 11 12 11 69 2 98 37 43 24 42 89 97 90 52 89 86 51 12 11 24 89 60 57 13 54 40 54 86 64 68 78 46 73 86 99 14 73 70 77 58 26 28 100 16 8 43 87 54 71 67 93 70 80 
10 8 33 22 89 77 21 3 6 59 62 22 37 14 75 36 19 41 86 78 85 10 85 81 25 72 49 6 18 41 14 37 81 95 33 14 4 10 84 88 76 3 93 53 57 49 5 76 45 49 37 22 0 68 89 49 58 2 67 51 67 82 63 53 76 8 31 42 55 71 53 6 6 92 65 61 70 5 5 66 2 37 27 50 60 43 37 41 34 100 89 57 64 51 14 71 4 47 61 29 
29 72 25 18 67 67 44 98 12 99 15 2 10 5 5 10 85 63 76 2 63 27 38 80 90 14 90 100 66 41 12 6 11 69 8 63 37 6 96 78 18 40 62 66 61 30 58 21 96 39 13 20 30 31 24 88 59 46 13 55 31 40 1 57 41 83 27 71 92 34 43 82 30 85 57 84 22 51 65 38 7 49 65 72 7 17 56 8 56 93 48 7 50 14 90 27 96 37 28 54 
17 81 83 27 29 25 100 49 6 95 51 38 16 42 52 46 87 79 55 29 46 37 90 78 98 95 22 76 78 50 52 5 92 64 76 57 8 11 96 52 72 39 53 62 74 80 46 39 89 5 14 80 19 22 28 21 73 45 45 64 12 52 16 9 54 96 91 61 99 17 18 47 83 37 83 36 39 62 83 69 56 87 99 66 91 100 88 62 2 37 29 56 65 30 58 62 75 78 74 99 
11 1 89 97 16 73 17 73 11 31 4 79 70 50 59 90 56 6 29 17 48 29 93 86 99 66 69 8 54 72 62 76 71 79 18 72 28 85 82 74 100 84 89 59 23 23 42 16 36 90 18 40 27 30 78 78 85 86 99 32 25 77 32 13 38 29 57 95 46 94 82 98 68 1 47 71 91 72 41 23 77 80 42 7 65 96 100 82 60 10 34 82 25 79 5 79 100 21 44 54 
31 46 25 18 15 62 86 67 27 76 61 34 48 22 37 34 86 59 29 53 20 61 100 0 94 27 28 65 67 19 57 90 17 76 5 70 70 11 0 78 13 40 35 89 2 72 20 13 48 26 95 90 22 84 53 67 29 5 6 11 74 83 64 6 72 36 43 86 24 97 25 18 54 26 98 83 14 12 56 76 99 84 52 63 65 63 57 27 22 44 14 17 38 29 68 4 22 57 57 59 
9 58 71 37 80 33 51 72 43 6 100 33 45 64 0 0 44 28 42 34 19 65 29 82 2 1 65 61 40 18 68 42 84 38 11 65 56 6 13 58 56 76 31 32 69 34 81 77 78 91 42 96 16 93 9 32 32 99 31 81 15 0 53 0 71 17 43 10 7 96 18 25 18 9 79 0 10 35 32 82 9 87 28 23 12 45 16 87 74 58 3 16 72 65 15 2 33 32 97 20 
5 41 65 35 61 25 17 46 88 29 54 18 7 66 5 98 6 74 68 76 45 73 84 42 46 45 60 75 58 89 9 78 81 74 2 78 39 63 2 14 91 25 70 36 21 3 29 49 4 3 20 33 42 77 24 73 12 40 77 47 44 30 40 47 10 30 59 100 49 21 70 86 100 95 6 56 25 30 77 30 55 68 63 65 42 46 69 89 58 9 39 5 85 46 54 14 18 68 21 50 
39 81 15 9 10 29 73 89 18 17 73 18 13 29 83 64 94 52 96 30 29 59 9 66 98 19 37 61 44 30 92 82 53 34 57 82 97 38 21 71 24 92 92 85 92 17 94 52 23 22 63 40 53 88 59 74 12 33 83 1 61 13 40 59 59 57 6 26 3 65 77 30 4 62 75 34 93 34 11 40 84 9 92 20 25 85 18 51 54 9 5 67 2 86 85 8 50 23 23 1 
68 100 32 76 77 49 24 0 22 3 35 11 65 37 24 86 33 87 33 15 56 82 24 44 15 9 78 70 88 48 89 1 39 82 40 40 6 46 21 48 1 66 49 49 57 42 95 55 23 91 62 4 49 43 38 36 27 78 79 71 71 14 90 45 61 41 65 51 74 68 81 26 88 26 39 97 10 39 74 59 89 58 32 99 32 34 83 36 78 91 55 11 23 5 37 88 19 99 43 67 
