50
61 25 45 34 21 73 25 45 25 45 34 21 73 45 25 87 45 73 34 21 73 76 77 73 45 25 87 45 81 89 10 58 6 9 74 8 25 45 34 21 73 45 25 87 45 73 45 25 87 45
13 13 26 77 53 13 26 77 53 1 41 89 37 77 80 13 26 77 53 1 41 89 37 77 80 1 41 89 37 77 80 26 77 53 1 41 89 37 77 80 13 26 77 53 1 41 89 37 77 80
61 25 45 34 21 73 25 45 25 45 34 21 73 45 25 87 45 73 34 21 73 76 77 73 45 25 87 45 81 89 10 58 6 9 74 8 25 45 34 21 73 45 25 87 45 73 45 25 87 45
13 13 26 77 53 13 26 77 53 1 41 89 37 77 80 13 26 77 53 1 41 89 37 77 80 1 41 89 37 77 80 26 77 53 1 41 89 37 77 80 13 26 77 53 1 41 89 37 77 80
41 41 33 49 41 33 49 77 89 49 98 31 81 91 41 33 49 77 89 49 98 31 81 91 77 41 33 49 77 89 49 98 31 81 91 89 49 98 31 81 91 33 49 77 89 49 98 31 81 91 
89 99 99 5 70 65 85 53 49 91 31 45 5 99 5 70 65 85 99 5 70 65 85 53 49 91 31 45 53 49 91 31 45 70 65 85 53 49 91 31 45 49 75 57 23 49 92 69 53 89 
99 5 70 65 89 89 37 87 57 9 47 93 98 96 57 37 87 57 9 47 93 98 96 89 89 37 87 57 9 47 93 98 96 57 37 87 57 9 47 93 98 96 57 57 85 53 49 91 31 45 
89 89 37 87 57 9 47 93 98 96 57 89 37 87 57 89 37 87 57 9 47 93 98 96 57 9 47 93 98 96 57 37 89 37 87 57 9 47 93 98 96 57 87 57 9 47 93 98 96 57 
57 57 57 37 29 73 25 53 29 29 81 57 37 29 73 57 37 29 73 25 53 29 29 81 57 57 37 29 73 25 53 29 29 81 57 25 53 29 29 81 57 37 29 73 25 53 29 29 81 57 
15 15 79 73 42 15 79 73 42 1 53 13 40 7 89 1 53 15 79 73 42 1 53 13 40 7 89 13 40 7 89 79 15 79 73 42 1 53 13 40 7 89 73 42 1 53 13 40 7 89 
85 48 85 48 74 17 9 33 69 73 9 9 74 85 48 74 17 9 33 69 73 9 9 17 85 48 74 17 9 33 69 73 9 9 85 48 74 17 9 33 69 73 9 9 9 33 69 73 9 9 
55 67 90 55 67 90 5 53 85 45 36 78 55 67 90 5 53 85 45 36 78 7 7 55 67 90 5 53 85 45 36 78 7 55 67 90 5 53 85 45 36 78 7 5 53 85 45 36 78 7 
61 25 45 34 21 73 25 45 25 45 34 21 73 45 25 87 45 73 34 21 73 76 77 73 45 25 87 45 81 89 10 58 6 9 74 8 25 45 34 21 73 45 25 87 45 73 45 25 87 45
13 13 26 77 53 13 26 77 53 1 41 89 37 77 80 13 26 77 53 1 41 89 37 77 80 1 41 89 37 77 80 26 77 53 1 41 89 37 77 80 13 26 77 53 1 41 89 37 77 80
41 41 33 49 41 33 49 77 89 49 98 31 81 91 41 33 49 77 89 49 98 31 81 91 77 41 33 49 77 89 49 98 31 81 91 89 49 98 31 81 91 33 49 77 89 49 98 31 81 91 
61 25 45 34 21 73 25 45 25 45 34 21 73 45 25 87 45 73 34 21 73 76 77 73 45 25 87 45 81 89 10 58 6 9 74 8 25 45 34 21 73 45 25 87 45 73 45 25 87 45
13 13 26 77 53 13 26 77 53 1 41 89 37 77 80 13 26 77 53 1 41 89 37 77 80 1 41 89 37 77 80 26 77 53 1 41 89 37 77 80 13 26 77 53 1 41 89 37 77 80
41 41 33 49 41 33 49 77 89 49 98 31 81 91 41 33 49 77 89 49 98 31 81 91 77 41 33 49 77 89 49 98 31 81 91 89 49 98 31 81 91 33 49 77 89 49 98 31 81 91 
89 99 99 5 70 65 85 53 49 91 31 45 5 99 5 70 65 85 99 5 70 65 85 53 49 91 31 45 53 49 91 31 45 70 65 85 53 49 91 31 45 49 75 57 23 49 92 69 53 89 
99 5 70 65 89 89 37 87 57 9 47 93 98 96 57 37 87 57 9 47 93 98 96 89 89 37 87 57 9 47 93 98 96 57 37 87 57 9 47 93 98 96 57 57 85 53 49 91 31 45 
89 89 37 87 57 9 47 93 98 96 57 89 37 87 57 89 37 87 57 9 47 93 98 96 57 9 47 93 98 96 57 37 89 37 87 57 9 47 93 98 96 57 87 57 9 47 93 98 96 57 
57 57 57 37 29 73 25 53 29 29 81 57 37 29 73 57 37 29 73 25 53 29 29 81 57 57 37 29 73 25 53 29 29 81 57 25 53 29 29 81 57 37 29 73 25 53 29 29 81 57 
15 15 79 73 42 15 79 73 42 1 53 13 40 7 89 1 53 15 79 73 42 1 53 13 40 7 89 13 40 7 89 79 15 79 73 42 1 53 13 40 7 89 73 42 1 53 13 40 7 89 
85 48 85 48 74 17 9 33 69 73 9 9 74 85 48 74 17 9 33 69 73 9 9 17 85 48 74 17 9 33 69 73 9 9 85 48 74 17 9 33 69 73 9 9 9 33 69 73 9 9 
55 67 90 55 67 90 5 53 85 45 36 78 55 67 90 5 53 85 45 36 78 7 7 55 67 90 5 53 85 45 36 78 7 55 67 90 5 53 85 45 36 78 7 5 53 85 45 36 78 7 
89 99 99 5 70 65 85 53 49 91 31 45 5 99 5 70 65 85 99 5 70 65 85 53 49 91 31 45 53 49 91 31 45 70 65 85 53 49 91 31 45 49 75 57 23 49 92 69 53 89 
99 5 70 65 89 89 37 87 57 9 47 93 98 96 57 37 87 57 9 47 93 98 96 89 89 37 87 57 9 47 93 98 96 57 37 87 57 9 47 93 98 96 57 57 85 53 49 91 31 45 
89 89 37 87 57 9 47 93 98 96 57 89 37 87 57 89 37 87 57 9 47 93 98 96 57 9 47 93 98 96 57 37 89 37 87 57 9 47 93 98 96 57 87 57 9 47 93 98 96 57 
57 57 57 37 29 73 25 53 29 29 81 57 37 29 73 57 37 29 73 25 53 29 29 81 57 57 37 29 73 25 53 29 29 81 57 25 53 29 29 81 57 37 29 73 25 53 29 29 81 57 
15 15 79 73 42 15 79 73 42 1 53 13 40 7 89 1 53 15 79 73 42 1 53 13 40 7 89 13 40 7 89 79 15 79 73 42 1 53 13 40 7 89 73 42 1 53 13 40 7 89 
85 48 85 48 74 17 9 33 69 73 9 9 74 85 48 74 17 9 33 69 73 9 9 17 85 48 74 17 9 33 69 73 9 9 85 48 74 17 9 33 69 73 9 9 9 33 69 73 9 9 
61 25 45 34 21 73 25 45 25 45 34 21 73 45 25 87 45 73 34 21 73 76 77 73 45 25 87 45 81 89 10 58 6 9 74 8 25 45 34 21 73 45 25 87 45 73 45 25 87 45
13 13 26 77 53 13 26 77 53 1 41 89 37 77 80 13 26 77 53 1 41 89 37 77 80 1 41 89 37 77 80 26 77 53 1 41 89 37 77 80 13 26 77 53 1 41 89 37 77 80
41 41 33 49 41 33 49 77 89 49 98 31 81 91 41 33 49 77 89 49 98 31 81 91 77 41 33 49 77 89 49 98 31 81 91 89 49 98 31 81 91 33 49 77 89 49 98 31 81 91 
89 99 99 5 70 65 85 53 49 91 31 45 5 99 5 70 65 85 99 5 70 65 85 53 49 91 31 45 53 49 91 31 45 70 65 85 53 49 91 31 45 49 75 57 23 49 92 69 53 89 
99 5 70 65 89 89 37 87 57 9 47 93 98 96 57 37 87 57 9 47 93 98 96 89 89 37 87 57 9 47 93 98 96 57 37 87 57 9 47 93 98 96 57 57 85 53 49 91 31 45 
89 89 37 87 57 9 47 93 98 96 57 89 37 87 57 89 37 87 57 9 47 93 98 96 57 9 47 93 98 96 57 37 89 37 87 57 9 47 93 98 96 57 87 57 9 47 93 98 96 57 
57 57 57 37 29 73 25 53 29 29 81 57 37 29 73 57 37 29 73 25 53 29 29 81 57 57 37 29 73 25 53 29 29 81 57 25 53 29 29 81 57 37 29 73 25 53 29 29 81 57 
15 15 79 73 42 15 79 73 42 1 53 13 40 7 89 1 53 15 79 73 42 1 53 13 40 7 89 13 40 7 89 79 15 79 73 42 1 53 13 40 7 89 73 42 1 53 13 40 7 89 
85 48 85 48 74 17 9 33 69 73 9 9 74 85 48 74 17 9 33 69 73 9 9 17 85 48 74 17 9 33 69 73 9 9 85 48 74 17 9 33 69 73 9 9 9 33 69 73 9 9 
55 67 90 55 67 90 5 53 85 45 36 78 55 67 90 5 53 85 45 36 78 7 7 55 67 90 5 53 85 45 36 78 7 55 67 90 5 53 85 45 36 78 7 5 53 85 45 36 78 7 
55 67 90 55 67 90 5 53 85 45 36 78 55 67 90 5 53 85 45 36 78 7 7 55 67 90 5 53 85 45 36 78 7 55 67 90 5 53 85 45 36 78 7 5 53 85 45 36 78 7 
41 41 33 49 41 33 49 77 89 49 98 31 81 91 41 33 49 77 89 49 98 31 81 91 77 41 33 49 77 89 49 98 31 81 91 89 49 98 31 81 91 33 49 77 89 49 98 31 81 91 
89 99 99 5 70 65 85 53 49 91 31 45 5 99 5 70 65 85 99 5 70 65 85 53 49 91 31 45 53 49 91 31 45 70 65 85 53 49 91 31 45 49 75 57 23 49 92 69 53 89 
99 5 70 65 89 89 37 87 57 9 47 93 98 96 57 37 87 57 9 47 93 98 96 89 89 37 87 57 9 47 93 98 96 57 37 87 57 9 47 93 98 96 57 57 85 53 49 91 31 45 
89 89 37 87 57 9 47 93 98 96 57 89 37 87 57 89 37 87 57 9 47 93 98 96 57 9 47 93 98 96 57 37 89 37 87 57 9 47 93 98 96 57 87 57 9 47 93 98 96 57 
57 57 57 37 29 73 25 53 29 29 81 57 37 29 73 57 37 29 73 25 53 29 29 81 57 57 37 29 73 25 53 29 29 81 57 25 53 29 29 81 57 37 29 73 25 53 29 29 81 57 
15 15 79 73 42 15 79 73 42 1 53 13 40 7 89 1 53 15 79 73 42 1 53 13 40 7 89 13 40 7 89 79 15 79 73 42 1 53 13 40 7 89 73 42 1 53 13 40 7 89 
85 48 85 48 74 17 9 33 69 73 9 9 74 85 48 74 17 9 33 69 73 9 9 17 85 48 74 17 9 33 69 73 9 9 85 48 74 17 9 33 69 73 9 9 9 33 69 73 9 9 
55 67 90 55 67 90 5 53 85 45 36 78 55 67 90 5 53 85 45 36 78 7 7 55 67 90 5 53 85 45 36 78 7 55 67 90 5 53 85 45 36 78 7 5 53 85 45 36 78 7 