30 30
37 16 19 47 6 20 0 5 10 36 37 16 19 47 6 20 0 5 10 36 7 42 49 19 49 7 43 23 33 8 
39 16 13 17 35 2 49 40 4 37 16 19 47 6 20 0 5 10 36 9 19 32 0 3 21 17 18 30 19 33 
40 29 25 6 37 16 19 47 6 20 0 5 10 36 44 9 2 8 27 41 35 27 49 15 21 29 31 17 8 48
18 17 42 3 33 14 14 41 21 44 46 17 16 19 47 6 20 0 5 10 36 26 4 49 4 8 30 28 9 44 
41 37 10 0 15 14 33 12 17 11 29 4 49 16 19 47 6 20 0 5 10 36 26 8 39 25 34 28 4 24 
20 3 31 30 22 8 21 35 29 24 1 8 22 11 34 16 19 47 6 20 0 5 10 36 26 38 27 8 15 10 
36 21 41 43 8 6 13 48 5 15 32 10 13 47 16 19 47 6 20 0 5 10 36 26 21 36 37 43 42 22 
0 44 1 15 1 17 45 5 49 15 43 42 32 19 47 16 19 47 6 20 0 5 10 36 26 26 22 42 29 3 
28 7 29 23 6 42 34 16 19 47 6 20 0 5 10 36 26 43 17 39 47 13 40 11 6 28 24 8 40 20 
48 14 14 37 10 39 1 47 16 19 47 6 20 0 5 10 36 26 37 40 8 37 42 11 12 5 28 17 23 12 
39 37 41 14 37 5 11 21 19 48 39 21 16 19 47 6 20 0 5 10 36 26 6 18 2 3 16 46 9 45 
1 39 14 11 28 18 47 30 19 18 14 47 29 15 4 4 16 19 47 6 20 0 5 10 36 26 20 1 19 26 
22 18 34 4 2 20 7 31 15 7 48 32 46 46 34 29 15 16 19 47 6 20 0 5 10 36 26 36 47 28  
42 47 15 12 37 16 19 47 6 20 0 5 10 36 26 31 10 18 22 12 12 35 3 10 21 7 32 1 11 27 
21 3 12 15 21 39 42 28 47 44 41 45 37 16 19 47 6 20 0 5 10 36 9 7 3 34 1 11 16 17 
21 30 13 43 29 31 44 44 42 2 11 14 45 27 40 37 16 19 47 6 20 0 5 10 36 49 23 31 5 47 
3 3 29 26 47 35 18 41 38 33 1 10 13 17 37 10 33 18 16 19 47 6 20 0 5 10 36 26 10 13 
39 2 28 26 32 16 28 3 8 47 27 43 44 41 21 5 45 6 26 1 16 19 47 6 20 0 5 10 36 26
16 19 47 6 20 0 5 10 36 26 49 47 31 4 27 4 0 28 5 16 29 45 15 3 13 17 14 18 2 26 
48 43 8 33 7 32 47 16 32 26 24 16 19 47 6 20 0 5 10 36 26 19 13 20 2 18 46 11 28 5 
18 17 42 3 33 14 14 41 21 44 46 17 16 19 47 6 20 0 5 10 36 26 4 49 4 8 30 28 9 44 
41 37 10 0 15 14 33 12 17 11 29 4 49 16 19 47 6 20 0 5 10 36 26 8 39 25 34 28 4 24 
20 3 31 30 22 8 21 35 29 24 1 8 22 11 34 16 19 47 6 20 0 5 10 36 26 38 27 8 15 10 
36 21 41 43 8 6 13 48 5 15 32 10 13 47 16 19 47 6 20 0 5 10 36 26 21 36 37 43 42 22 
0 44 1 15 1 17 45 5 49 15 43 42 32 19 47 16 19 47 6 20 0 5 10 36 26 26 22 42 29 3 
28 7 29 23 6 42 34 16 19 47 6 20 0 5 10 36 26 43 17 39 47 13 40 11 6 28 24 8 40 20 
48 14 14 37 10 39 1 47 16 19 47 6 20 0 5 10 36 26 37 40 8 37 42 11 12 5 28 17 23 12 
39 37 41 14 37 5 11 21 19 48 39 21 16 19 47 6 20 0 5 10 36 26 6 18 2 3 16 46 9 45 
1 39 14 11 28 18 47 30 19 18 14 47 29 15 4 4 16 19 47 6 20 0 5 10 36 26 20 1 19 26 
22 18 34 4 2 20 7 31 15 7 48 32 46 46 34 29 15 16 19 47 6 20 0 5 10 36 26 36 47 28 