18343 60333
51493 78897
63869 36023
15249 66521
55913 28067
17901 49725
20553 67405
71825 89726
49725 53261
30498 81549
74256 76245
48841 34918
1989 40001
1989 5525
9503 93041
79781 89505
55029 80665
26741 42874
44421 60554
2873 76466
13481 94809
20995 88621
11713 26741
57681 6409
61217 55913
1105 1105
78013 3757
66300 99008
73593 13702
17017 20774
47073 47957
24973 99229
37791 2873
15249 91273
46189 78013
8177 69173
85085 20995
89505 47736
94809 25857
76245 85306
68731 41769
74477 40443
89505 62985
221 70941
47073 32929
55029 83317
62101 47073
43537 51493
37349 39117
3757 98124
64311 31603
37128 2873
60333 86853
25415 67405
26741 51935
2873 81991
13481 14365
88621 72046
50609 68289
53261 93925
64753 21437
64090 44421
12376 2431
80665 52819
78676 39117
9945 36907
46631 33813
24089 67405
56797 32266
53703 21658
31161 14365
93925 93041
98345 97019
12597 84201
62101 16575
44421 18785
81549 17459
41769 72267
89505 20553
81549 36465
48841 97461
90389 70057
4641 45747
9282 90389
35139 98787
16133 47957
26741 78897
62985 46189
86190 6409
35581 9945
6188 3757
40001 11713
95693 65637
86853 91273
79781 44421
4199 90389
75803 2873
10829 53482
11713 2873
50609 50167