4081 308
1540 539
1617 8085
6083 6083
8162 3157
1771 1309
3619 7546
7854 6622
3157 5698
7469 2695
3850 1386
4081 7777
3311 5082
5390 6237
7315 2464
9086 9394
8701 4620
2310 6776
9163 2849
6776 2926
6930 8470
7854 1771
1540 385
4697 1848
7392 5698
3927 9933
2926 9394
5852 3773
3542 539
2926 847
5005 5390
6314 1540
6314 7546
3003 8932
5005 7238
3311 9933
770 770
8701 4389
5929 3388
8393 4466
1617 5005
4235 5313
4774 5467
1309 4928
7084 2849
2695 2387
4004 5390
385 9933
1848 6314
9625 1078
6160 7700
770 5236
231 3157
462 4928
231 6930
4081 5544
1078 3619
9009 2618
7007 9009
2233 462
9548 8624
6468 8624
2464 2156
2002 9471
3234 1540
1925 8085
9009 1848
9317 847
2387 7854
8855 7161
2772 6006
9317 9625
4312 7392
8316 2541
9317 1001
3157 4697
3773 4851
9394 3388
2079 6083
5236 2541
385 3542
3542 9240
6776 5775
2002 5082
1771 5544
6006 7931
5313 3773
8855 6776
3850 7315
2618 8855
8316 7931
4851 2849
7161 847
7469 2772
2079 2464
5852 4466
770 5159
4697 7007
5082 616
8239 4620