217800 310365
501545 603185
867570 762905
215985 649770
845185 111925
854260 3025
450725 403535
903265 992805
805860 545105
334565 58685
586245 312785
732655 812515
12705 443465
69575 806465
572935 964370
438625 102245
24805 775005
732655 600765
920205 22385
557205 766535
862125 179685
806465 622545
600765 832480
380545 114345
269225 825825
172425 869385
147015 128865
704825 755645
882695 471900
864545 680020
523325 985545
172425 347270
143385 358765
376915 390225
414425 242605
245025 533005
248655 307945
222035 223245
261965 877855
564465 90145
762300 352110
667315 634645
569305 36905
501545 61105
291610 162745
719345 55055
9075 889955
956505 439835
407770 466455
362395 168795
718740 628595
782265 927465
738100 470085
954085 351505
624965 914760
494285 697565
54450 685465
791945 221430
449515 324885
530585 254705
738705 617705
165165 5445
386595 996435
242605 107085
206305 51425
791945 511225
552365 5445
768955 438625
254705 69575
61105 994015
188760 237765
358765 65945
305525 666105
115555 808885
320045 82885
863335 465245
223245 760485
830665 799810
479765 474925
482185 259545
500940 843975
980705 448305
395065 529375
107085 387805
71995 264990
799205 264385
6655 177265
457985 859705
622545 312785
852445 491865
915365 963765
638275 842160
522720 44165
150645 97405
578985 450725
269225 882695
415635 896005
89540 186945
975865 10285
668525 823405