425 170
867 969
731 748
391 629
493 476
425 527
969 374
527 255
969 765
935 918
646 765
459 833
17 561
918 357
527 153
391 255
867 323
119 731
663 272
765 323
697 357
255 595
425 459
697 629
357 255
969 136
51 629
935 187
629 833
612 561
901 969
901 306
221 527
765 833
17 17
833 901
646 799
51 935
663 901
731 799
969 595
561 459
629 476
561 901
238 323
34 765
765 459
748 459
799 425
629 51
391 697
51 799
867 357
289 493
629 476
595 629
697 289
731 357
527 187
799 459
833 731
935 782
901 629
629 221
323 935
833 204
663 833
391 85
221 391
425 357
935 697
459 833
663 153
697 544
119 578
425 918
901 51
867 697
935 629
170 969
799 646
595 187
459 51
697 697
119 255
816 17
595 527
425 527
731 765
425 442
986 493
357 289
221 357
51 527
595 935
102 867
561 561
357 561
425 238
663 187