100
22 50 70 84 78 96 61 7 94 29 73 94 88 95 81 93 98 84 99 44 33 60 76 15 7 33 96 87 8 49 28 0 98 89 65 47 56 33 39 27 7 90 2 94 29 53 48 99 80 42 10 47 37 66 58 43 5 92 87 78 12 21 37 18 79 63 52 84 5 71 92 35 33 97 73 92 69 25 28 91 55 41 61 81 64 36 8 78 81 91 92 51 36 72 97 17 27 44 40 100 
6 77 83 58 86 65 42 68 84 20 68 40 38 49 68 7 13 83 80 15 79 60 54 46 57 5 5 97 55 78 66 9 77 54 68 29 20 6 50 40 58 81 60 34 91 15 30 86 76 58 1 55 81 55 83 90 52 47 63 77 39 92 78 88 81 30 62 13 80 67 49 39 40 18 44 97 8 23 12 28 34 23 74 43 14 22 84 73 68 20 5 26 86 50 15 46 7 26 83 25 
89 48 83 77 99 48 76 54 95 41 20 33 9 31 74 16 92 33 88 16 10 9 83 73 46 43 47 8 6 44 96 70 75 68 66 67 67 0 1 55 60 68 82 97 98 88 54 49 10 96 91 39 10 54 4 12 54 17 6 71 49 51 22 12 34 60 25 62 26 50 24 78 92 88 93 67 58 6 54 85 10 56 16 12 45 0 57 23 87 56 65 95 0 79 34 97 79 45 92 68 
95 100 40 66 86 17 90 21 17 97 30 79 75 79 70 92 73 73 58 39 50 80 8 13 73 10 5 25 32 73 42 18 39 86 61 79 98 46 18 62 50 89 15 15 69 29 92 47 11 67 56 78 62 0 58 42 2 26 98 82 34 39 13 31 49 26 29 56 54 19 19 47 78 7 74 100 61 91 78 15 34 66 3 69 100 43 60 8 73 98 4 52 81 40 89 20 61 20 19 40 
82 43 1 17 2 58 0 43 31 85 65 59 44 38 12 55 8 22 29 96 61 61 37 26 94 0 42 86 5 14 26 78 46 10 42 25 7 83 96 1 32 26 24 55 40 42 98 29 95 94 31 28 79 50 26 29 9 35 74 36 48 10 15 93 2 56 56 7 32 90 15 24 72 86 27 5 98 61 7 62 86 46 74 97 73 77 58 32 11 28 65 65 89 17 99 59 31 91 39 100 
89 38 66 7 30 50 96 38 56 2 7 84 15 82 15 6 39 31 12 56 61 10 7 80 77 21 37 7 28 54 43 76 45 9 55 94 0 6 18 36 5 79 19 60 29 19 84 88 99 88 70 55 83 27 92 55 86 81 93 6 2 86 27 80 95 22 38 63 32 58 13 68 26 58 1 15 99 20 85 29 72 54 71 0 10 84 57 34 93 98 87 14 19 29 91 54 80 32 27 96 
47 9 30 67 80 68 72 55 98 66 52 11 65 33 46 86 50 41 54 89 53 2 88 49 15 53 86 96 21 19 40 79 22 25 21 26 74 95 4 87 69 33 31 62 27 94 29 63 66 65 75 58 73 16 10 53 100 5 90 85 31 99 85 77 64 26 1 77 98 28 11 66 71 76 72 100 90 85 13 35 79 89 62 95 35 73 86 82 77 17 45 12 72 66 70 58 77 94 85 4 
44 81 73 83 31 90 83 1 76 62 95 80 92 83 26 32 74 66 21 85 28 19 23 100 83 68 77 37 38 64 23 81 72 48 50 30 65 30 94 16 0 93 15 37 53 43 4 63 44 1 98 45 87 92 30 61 98 46 10 67 82 80 92 86 2 61 30 8 41 68 19 59 70 79 8 37 40 79 55 17 18 22 99 50 74 83 84 83 40 22 1 56 67 53 93 72 35 72 35 35 
15 19 9 26 70 16 80 3 40 35 34 23 23 8 39 33 95 45 55 64 15 10 15 95 11 83 6 16 50 87 45 48 58 28 70 30 81 70 22 16 43 84 50 93 4 31 53 66 96 44 55 70 76 79 76 89 92 100 42 66 88 32 33 18 68 82 0 51 27 95 93 81 23 39 96 52 29 17 20 76 13 92 59 94 65 73 56 65 53 21 73 35 54 61 86 64 98 16 26 37 
59 84 77 17 98 92 42 63 12 13 21 72 19 15 85 56 51 20 30 70 11 35 70 98 61 72 80 52 15 94 83 9 31 11 37 25 12 31 87 91 6 62 100 21 34 99 57 74 62 40 30 24 82 34 13 78 57 93 9 98 61 35 3 10 77 17 22 64 23 92 6 22 99 12 72 86 3 88 100 63 94 19 37 56 10 23 9 41 25 82 56 91 74 93 85 11 66 92 88 83 
48 38 6 73 67 39 44 13 74 82 30 35 1 82 78 83 40 99 58 81 84 26 6 40 63 63 51 83 29 62 45 12 73 79 0 72 83 7 40 48 16 30 92 88 9 45 82 25 42 38 14 74 0 3 94 48 66 26 64 77 50 21 41 53 40 82 54 15 98 95 57 90 65 7 51 85 44 5 39 42 90 10 72 94 78 15 67 91 6 26 40 28 88 0 50 29 65 71 88 38 
10 84 82 75 62 34 1 63 70 27 84 35 82 42 61 11 99 14 63 21 50 62 48 27 66 24 70 81 31 90 16 77 11 26 4 90 80 47 1 68 42 25 99 13 30 32 11 41 6 18 82 11 61 92 8 79 59 95 24 72 10 78 68 93 72 21 31 7 77 70 64 74 95 93 26 76 50 67 47 92 54 26 9 38 19 46 40 25 76 86 72 23 71 38 4 16 53 81 1 9 
52 11 53 36 55 47 54 100 82 62 29 28 13 31 52 72 74 87 83 22 60 15 31 6 84 73 16 60 10 64 58 7 7 71 18 10 98 0 28 34 22 19 19 41 78 61 45 40 32 3 35 38 4 87 65 26 16 56 5 37 34 55 2 77 55 16 30 77 78 43 89 67 84 16 70 36 78 55 57 93 15 90 44 79 39 80 41 92 69 8 21 0 49 75 97 69 35 6 0 0 
42 46 31 15 93 30 62 85 91 16 74 54 13 82 81 97 28 56 87 1 62 64 29 56 86 38 23 99 78 85 6 56 71 18 100 4 1 95 98 100 31 57 55 57 32 1 31 79 71 58 76 49 10 59 15 94 99 12 4 55 7 25 51 90 54 90 40 4 6 5 64 48 61 26 50 20 33 60 60 41 16 76 26 27 51 46 7 62 33 85 30 47 36 75 62 60 87 88 59 80 
89 59 13 13 9 67 68 27 94 71 70 54 5 68 63 80 93 78 41 0 26 98 15 61 3 82 61 6 85 14 52 95 15 77 23 13 67 90 20 68 16 74 32 16 0 74 9 27 46 66 94 40 8 85 69 87 8 10 69 41 85 0 75 96 52 17 68 69 45 53 66 76 4 56 87 36 13 24 53 6 48 82 20 2 89 17 55 49 28 25 57 41 74 80 86 42 50 7 74 95 
63 41 9 35 76 61 23 63 93 31 24 35 92 8 90 24 23 92 19 32 78 51 8 43 60 41 77 17 46 78 63 49 60 15 15 76 76 92 31 1 91 44 44 31 29 36 51 57 62 95 46 13 6 69 44 78 14 24 69 23 20 72 69 28 83 21 52 8 50 53 95 26 25 78 52 6 82 95 92 88 21 95 28 3 23 76 97 75 30 3 61 37 79 36 63 0 55 52 31 0 
57 79 19 37 65 54 31 76 99 2 10 3 92 84 100 61 96 58 37 49 92 66 21 97 43 32 85 87 95 23 71 71 40 33 26 2 68 5 69 89 73 65 88 76 72 92 74 61 16 30 15 24 32 58 12 76 3 68 55 49 97 19 35 69 30 9 87 62 30 59 55 98 23 90 85 88 11 96 65 43 22 7 53 53 9 41 39 39 40 20 76 5 63 30 1 95 84 47 81 23 
38 76 26 92 14 70 89 4 50 29 92 66 92 51 36 100 85 11 26 68 27 14 62 99 30 70 41 6 72 99 17 64 59 43 79 19 7 73 8 3 65 87 42 21 89 51 5 10 98 100 28 20 86 43 19 100 13 33 69 88 37 19 83 43 20 83 42 51 51 8 81 33 24 61 72 49 63 98 97 45 82 77 76 48 4 49 69 32 78 51 72 78 22 24 92 19 59 10 19 87 
19 3 23 55 88 64 20 36 19 71 43 75 62 92 87 6 89 31 69 5 66 32 17 67 96 41 37 35 75 53 57 35 46 86 19 66 38 19 4 60 79 35 0 55 41 18 26 52 100 58 100 40 27 70 86 22 72 0 38 58 45 88 51 21 21 57 50 21 21 42 58 4 75 45 50 9 28 22 19 65 24 91 57 39 33 3 4 28 3 93 81 68 85 70 0 19 74 45 48 61 
4 15 14 28 54 25 98 31 56 50 37 44 53 16 85 4 2 29 61 90 90 63 92 58 11 80 4 37 21 84 88 20 46 29 1 66 78 44 74 26 4 28 67 19 0 9 82 36 47 47 32 88 54 20 19 60 68 48 12 30 9 5 65 78 55 83 46 60 23 45 91 25 89 21 29 72 41 63 44 30 2 82 55 21 23 70 38 61 44 27 29 1 40 60 58 77 18 69 51 82 
77 14 85 87 61 72 4 83 5 38 77 68 8 95 12 53 50 93 35 19 8 95 10 44 85 97 13 19 14 75 37 27 0 54 17 24 77 61 19 57 50 31 23 41 96 72 48 79 43 56 1 75 80 78 11 57 30 81 58 48 58 97 99 49 9 69 88 91 16 47 3 31 33 7 96 14 63 47 93 41 84 56 87 80 10 69 48 29 19 37 3 59 13 81 75 37 78 20 50 51 
51 17 3 47 98 48 87 30 69 66 96 33 52 35 64 99 91 14 70 41 10 33 68 17 23 98 55 85 20 43 10 70 87 2 97 67 29 36 58 47 9 24 40 48 57 93 1 37 13 66 41 77 88 55 10 29 21 55 85 18 26 58 27 22 35 62 23 53 84 1 21 92 59 53 22 60 63 87 20 54 84 86 76 98 35 58 71 100 79 39 57 72 36 61 0 23 90 89 67 36 
32 43 32 3 83 95 45 46 6 92 39 80 79 57 32 41 8 29 57 59 70 31 68 66 37 92 51 16 17 0 74 18 71 19 94 61 40 99 41 30 81 25 85 26 31 89 39 6 78 85 1 19 37 34 16 28 72 15 85 12 40 8 77 83 86 92 36 98 37 23 19 30 92 78 25 61 91 80 5 12 70 42 19 95 27 76 49 20 11 78 15 7 23 48 28 12 1 78 2 76 
3 34 32 64 16 86 50 36 28 57 99 11 37 66 3 37 65 90 69 51 39 63 55 94 57 47 68 41 43 12 70 23 6 21 66 30 48 99 77 57 9 51 45 2 35 2 63 9 81 21 72 32 54 42 37 61 24 11 96 36 50 29 57 84 27 40 38 88 76 25 89 70 46 90 6 91 89 76 97 89 73 51 70 56 55 5 52 42 55 75 1 69 34 68 78 81 2 53 54 86 
78 34 64 77 75 20 70 59 91 51 19 36 43 66 18 75 23 42 97 65 17 61 48 1 60 80 44 10 88 46 53 20 84 37 49 5 35 89 3 92 84 68 24 79 28 52 67 73 42 58 66 57 98 76 75 43 68 77 46 78 60 87 60 25 74 18 59 96 92 47 88 79 45 51 42 60 59 100 33 97 10 2 9 27 62 47 37 52 94 84 42 60 31 20 33 34 76 20 90 72 
12 26 40 47 100 14 18 45 44 80 16 29 50 54 26 100 68 53 94 77 18 15 18 59 19 88 22 88 95 89 75 24 0 82 4 10 40 44 33 14 40 32 85 41 86 36 13 35 97 96 93 13 50 59 83 2 80 51 46 47 77 69 16 46 39 62 58 47 76 70 23 89 84 0 53 9 13 19 35 83 60 58 99 49 95 1 82 30 87 10 16 46 65 80 85 80 61 40 27 66 
84 38 32 29 17 97 86 1 85 56 24 99 51 1 67 17 48 46 87 98 21 2 3 43 34 39 89 71 77 81 8 70 0 52 15 93 5 26 91 76 23 45 8 25 12 38 9 59 28 41 81 95 1 89 25 53 55 71 59 87 2 17 76 77 18 74 40 94 60 3 93 51 22 32 81 3 65 48 89 1 28 64 41 71 79 65 43 85 74 68 10 11 31 31 76 73 58 24 82 72 
87 9 63 80 18 89 5 26 20 90 66 54 27 79 14 44 99 21 25 81 46 67 13 7 97 28 89 57 53 71 11 80 12 87 19 8 90 32 41 15 41 72 53 40 57 66 69 70 98 60 53 44 87 67 87 52 19 51 67 22 37 50 98 7 71 63 83 27 0 97 56 61 23 72 74 21 23 8 57 50 47 30 98 68 38 23 74 6 72 67 97 52 73 59 77 34 29 100 33 90 
0 72 100 65 88 58 46 59 29 15 56 21 56 19 80 95 100 61 77 73 47 91 24 20 78 94 64 47 94 96 42 69 95 95 49 70 14 23 31 8 67 74 65 93 67 25 77 44 26 54 45 4 88 6 40 61 42 56 1 30 57 75 37 1 47 17 60 18 65 99 64 59 10 52 68 85 86 9 70 9 2 76 97 13 74 32 40 45 11 16 57 39 53 8 96 11 48 5 13 32 
35 48 56 60 47 24 13 88 27 86 87 5 68 73 64 23 29 26 36 88 47 49 20 57 5 80 98 16 0 84 14 4 12 21 79 52 54 7 92 29 10 19 58 7 21 92 84 84 63 82 14 98 80 28 63 32 73 22 23 94 54 66 52 100 33 42 76 66 59 92 14 27 47 54 17 68 88 82 36 25 71 57 37 30 53 0 84 87 7 92 16 99 39 38 81 91 2 76 55 82 
23 67 6 3 29 71 45 14 4 7 8 81 30 20 97 44 70 2 60 7 9 37 51 90 2 100 95 37 39 65 9 26 90 39 86 26 97 18 81 39 55 49 43 20 81 93 4 35 45 97 95 9 43 77 74 76 90 97 97 64 74 90 9 17 60 4 41 44 10 96 10 95 63 74 21 71 27 99 73 43 22 92 2 79 83 19 11 40 18 32 30 55 100 55 98 77 93 40 40 21 
96 23 80 80 52 79 90 41 22 91 48 58 88 55 93 11 33 55 60 86 31 82 63 75 43 57 51 60 28 17 19 44 98 17 69 88 59 47 35 97 69 55 49 16 12 70 99 29 95 68 6 5 17 9 43 16 12 17 60 73 54 60 53 71 12 1 71 42 36 37 12 40 91 3 28 46 67 19 79 25 0 50 54 27 92 96 32 25 50 48 52 65 82 68 28 85 14 66 86 43 
4 7 1 77 62 39 10 65 37 91 60 61 79 48 83 25 69 90 83 76 15 45 80 93 83 27 23 25 25 53 56 55 44 74 61 49 92 46 98 54 92 40 50 23 34 83 1 36 49 75 63 10 67 25 20 89 84 53 88 71 3 9 31 46 48 68 78 56 80 32 64 69 29 27 96 11 79 16 53 74 31 63 18 54 92 44 19 93 97 50 39 42 45 53 4 0 79 67 74 22 
6 56 17 72 47 13 52 96 45 19 83 100 30 66 36 74 32 48 73 44 76 93 30 71 33 92 72 70 14 63 70 41 14 98 38 71 85 32 16 85 74 82 40 79 73 55 12 48 47 8 77 64 4 58 98 15 49 59 48 9 32 7 97 34 55 63 97 11 54 4 94 28 23 49 88 67 14 4 25 82 19 78 75 76 79 39 33 89 48 23 22 31 94 53 94 89 40 4 54 96 
79 23 30 16 62 1 68 70 54 0 77 34 67 100 13 51 51 16 78 1 93 47 13 31 6 21 26 51 63 46 41 63 99 98 50 54 35 13 96 24 73 36 9 64 55 86 42 52 90 99 84 6 25 4 61 49 58 27 41 48 7 15 83 43 9 66 93 68 23 40 73 30 55 13 75 10 43 41 13 88 75 98 31 96 23 16 90 28 38 54 66 92 49 36 59 83 33 100 89 1 
13 59 8 65 97 98 6 29 24 65 83 16 15 25 92 15 99 31 45 5 8 89 84 33 43 55 44 50 6 22 82 64 13 98 10 21 22 97 19 98 16 65 96 30 20 9 93 11 25 45 45 7 43 30 85 66 38 70 12 16 56 65 97 4 25 96 94 73 100 92 54 65 53 44 70 38 11 81 56 55 2 64 98 65 16 28 14 95 87 87 10 2 56 57 82 18 99 40 16 97 
37 6 73 49 36 96 0 71 38 38 14 86 3 88 71 87 44 98 56 50 6 20 8 20 75 45 26 93 61 100 54 1 74 40 66 37 72 27 56 62 96 75 86 72 12 53 77 54 28 3 4 32 66 36 90 82 2 32 29 14 34 23 59 60 46 35 3 85 88 95 92 51 4 93 19 34 0 21 33 15 100 80 50 53 80 24 54 83 32 81 69 11 30 83 56 77 34 3 82 75 
61 32 70 55 99 57 81 35 20 89 17 35 13 50 92 8 31 8 79 89 28 11 7 10 99 56 73 7 88 6 62 59 62 100 8 7 84 45 15 49 4 45 38 12 59 23 26 6 63 54 0 74 24 92 31 77 79 32 14 51 72 62 60 45 96 5 19 64 8 37 50 62 2 49 64 94 63 83 2 68 55 88 72 44 67 58 95 31 92 95 58 57 7 57 30 36 1 26 13 97 
50 16 81 89 29 94 82 72 68 97 67 8 9 47 22 26 5 6 47 36 61 4 40 8 44 15 38 35 13 32 21 11 99 79 38 66 94 9 9 91 60 80 31 87 32 78 55 51 14 80 91 94 92 4 18 93 88 100 1 70 100 16 48 51 13 80 69 90 95 65 24 24 64 3 32 89 10 76 16 96 84 90 25 60 80 75 80 43 100 46 77 52 32 50 28 30 100 78 9 50 
25 93 53 54 95 55 47 38 34 5 46 31 2 7 72 77 100 30 55 30 73 80 0 36 95 14 30 29 3 44 12 81 13 36 79 6 4 67 5 59 18 79 43 29 89 38 10 40 32 68 68 40 53 11 24 28 89 42 25 44 55 53 7 97 78 88 76 2 93 44 32 57 11 32 63 42 73 82 25 42 36 5 58 24 2 12 34 34 95 74 44 8 73 38 53 85 74 6 34 50 
27 35 33 51 82 84 55 38 42 59 100 4 64 1 53 95 39 80 86 28 14 58 64 100 28 46 42 98 94 60 78 64 46 5 70 28 94 86 25 6 55 32 26 71 58 61 84 23 66 44 72 25 13 98 8 45 8 26 37 73 20 9 59 49 89 77 54 3 41 28 26 100 72 95 38 44 42 45 100 47 85 64 54 39 91 13 61 63 15 88 12 46 41 98 52 1 79 74 53 16 
73 26 16 70 92 11 76 64 88 76 24 21 57 88 19 22 70 24 7 75 19 38 49 82 99 45 44 21 27 36 73 63 0 29 98 95 1 50 79 29 0 30 11 92 70 33 33 27 79 13 82 80 38 5 84 79 64 11 85 99 84 63 98 20 23 24 89 10 13 94 94 61 81 93 91 95 67 34 45 88 36 14 61 96 24 26 34 83 64 90 13 16 0 97 26 25 12 79 42 44 
58 69 9 8 62 12 10 14 6 58 73 66 85 86 42 17 81 88 43 77 86 0 26 61 87 52 96 5 39 41 83 73 75 32 23 20 59 33 63 25 75 98 12 33 17 64 8 44 88 32 34 57 95 100 57 9 33 3 64 79 69 51 56 17 64 70 41 97 2 79 0 7 1 49 32 77 14 23 50 22 19 62 56 45 49 77 64 30 33 12 18 57 47 61 93 93 94 100 97 80 
79 54 67 32 86 24 34 20 98 19 57 33 41 51 83 75 45 50 43 38 95 69 67 64 67 27 57 60 47 83 4 41 90 86 5 58 99 22 93 91 18 99 79 4 96 61 67 8 22 72 91 55 95 66 59 52 100 88 16 15 67 51 58 30 62 8 22 53 81 27 60 49 26 32 1 83 79 69 33 74 5 42 63 90 67 53 53 26 10 91 99 72 18 26 65 69 70 21 69 16 
60 57 70 73 1 72 81 22 30 24 40 14 6 63 5 32 17 83 90 77 11 92 62 63 26 1 71 20 66 7 44 51 4 99 27 51 31 6 63 51 2 51 18 10 31 52 83 44 64 22 90 62 39 24 40 41 74 85 0 15 97 85 16 9 85 99 59 55 71 4 41 30 64 14 20 45 22 84 90 68 27 42 1 53 33 91 0 36 69 17 47 55 55 62 79 78 40 6 30 69 
19 25 68 28 51 26 80 80 57 35 95 33 53 26 96 46 14 100 80 38 22 24 75 52 15 19 49 90 67 84 18 1 29 56 55 88 60 42 14 48 3 100 0 90 59 59 68 66 94 12 52 15 14 17 96 15 42 72 26 38 90 98 38 77 74 61 92 58 11 90 7 52 80 13 23 7 63 87 97 46 20 54 48 96 95 84 78 83 94 25 35 41 32 15 86 44 75 42 96 48 
73 11 24 6 28 99 15 61 52 11 82 93 31 17 46 43 72 53 71 59 50 13 34 29 34 75 13 18 44 96 19 88 37 40 55 7 92 54 57 28 16 51 51 79 16 17 83 25 10 72 62 21 8 47 31 14 4 16 21 46 78 70 72 13 10 21 14 67 41 3 94 21 84 70 12 63 30 19 88 0 60 100 94 69 78 76 3 11 21 39 24 26 15 33 68 5 14 74 42 62 
48 65 9 1 28 45 43 12 88 69 3 75 57 86 59 16 26 84 63 82 8 1 62 97 22 66 12 51 26 3 15 55 65 91 13 21 36 13 99 11 28 93 64 88 77 51 63 3 3 36 24 81 30 5 21 97 80 26 67 58 96 76 80 7 81 14 26 90 22 14 19 66 96 39 62 42 97 76 92 83 49 22 18 51 38 38 80 47 37 67 12 51 84 84 6 75 89 38 76 56 
58 0 67 9 11 52 37 28 53 97 0 88 84 38 9 99 9 20 30 51 78 21 48 45 11 54 45 59 3 68 76 0 71 84 18 47 78 65 77 74 61 97 36 24 75 76 79 6 50 86 56 98 48 58 1 93 24 96 73 53 34 78 60 20 16 22 54 94 16 71 81 65 86 31 4 95 84 48 51 5 53 40 0 29 15 13 37 46 15 95 92 53 36 36 5 49 53 44 0 90 
98 63 42 82 70 100 1 55 50 19 44 42 37 80 6 1 85 31 32 8 69 22 25 36 2 33 81 67 61 36 32 91 15 63 56 35 50 73 39 47 61 64 48 75 93 12 13 23 65 64 55 16 49 50 96 49 47 97 26 89 27 76 49 90 37 26 78 0 98 25 19 67 85 21 84 88 68 9 70 44 87 14 33 22 58 96 20 6 3 34 16 89 3 22 6 80 15 90 50 84 
43 88 16 6 36 66 92 90 24 51 63 72 30 9 85 47 54 49 11 96 14 92 85 34 74 25 10 35 2 27 79 40 76 94 13 44 68 56 99 48 80 68 4 36 70 57 100 24 11 0 8 69 83 49 11 27 5 49 79 1 32 35 70 31 41 36 45 10 22 41 95 68 37 46 75 97 98 12 1 82 17 100 16 51 49 12 93 84 7 17 67 81 31 60 76 49 23 34 58 21 
23 36 13 54 42 1 48 65 16 88 17 37 28 10 35 91 75 21 58 43 79 98 55 66 17 2 99 81 97 84 79 3 86 9 92 50 12 23 55 95 16 54 34 11 2 44 20 8 28 56 98 7 9 43 35 100 43 84 53 26 60 8 62 69 72 50 72 56 35 89 17 94 12 98 39 6 70 24 21 34 55 62 1 22 27 81 51 15 99 78 45 67 28 48 41 25 82 29 97 52 
10 62 28 99 12 52 56 37 29 79 100 27 7 46 66 15 37 25 42 3 64 50 84 73 29 16 16 35 93 97 12 81 40 34 49 55 85 16 81 100 36 4 54 69 60 14 33 71 64 79 59 25 13 50 37 21 91 26 72 91 89 8 100 15 99 43 89 50 50 87 53 93 5 89 53 99 78 35 90 10 28 69 47 67 56 17 20 90 81 64 28 35 18 19 67 37 82 72 59 13 
5 94 6 63 33 46 100 97 76 44 98 71 36 60 94 84 92 17 38 36 57 3 5 24 50 47 57 58 36 45 18 70 56 33 88 34 18 38 68 39 94 58 94 57 39 86 76 0 57 93 24 22 59 94 31 73 60 18 15 97 86 4 85 100 13 99 33 6 73 26 0 45 71 29 30 87 71 49 61 10 82 26 33 0 26 21 29 87 44 68 48 61 4 37 9 68 80 17 99 98 
21 44 88 86 89 58 9 15 8 90 33 79 74 36 49 26 27 67 34 18 64 38 61 66 89 57 29 36 82 83 26 76 60 28 22 17 2 2 33 45 14 15 76 93 1 62 30 49 30 67 19 57 28 69 97 0 94 10 2 51 50 98 6 25 88 28 44 51 62 68 7 38 94 38 12 55 1 41 10 49 16 14 25 64 40 78 26 74 2 87 44 40 94 73 45 51 38 84 8 83 
22 41 41 21 36 39 32 49 57 29 57 70 51 78 76 53 80 17 39 15 99 35 32 87 28 71 95 64 39 63 93 74 61 44 90 41 76 90 63 17 89 22 7 45 1 12 58 24 21 68 0 72 21 18 88 90 78 18 54 66 84 78 68 58 90 67 55 31 28 32 44 24 65 53 77 99 35 43 17 43 42 57 76 68 52 1 82 83 86 97 82 60 37 12 64 24 26 49 11 76 
68 12 66 63 32 33 55 4 1 44 78 3 31 78 20 88 14 65 98 15 16 92 83 43 80 40 45 57 70 68 11 49 71 76 18 38 31 97 19 81 66 1 45 98 95 20 52 52 48 79 100 49 28 0 9 1 4 50 58 39 50 53 20 15 96 98 26 24 36 30 6 39 93 18 37 15 3 39 32 72 18 96 34 71 26 41 71 72 61 0 61 83 7 54 9 2 57 39 55 78 
15 86 46 38 75 40 22 100 36 40 26 75 34 2 13 49 97 12 82 34 13 98 6 78 44 76 40 56 29 81 38 54 84 9 81 40 62 76 24 8 4 7 2 67 45 68 33 54 60 95 3 76 55 91 2 17 69 71 30 98 55 2 18 5 81 26 44 28 60 100 5 95 1 50 89 44 91 97 71 37 28 59 98 4 75 71 8 32 27 16 4 70 93 55 92 40 93 42 73 61 
59 36 50 10 67 13 90 8 89 63 69 19 20 1 32 45 82 5 36 8 56 84 30 75 70 78 66 79 87 100 63 75 51 66 13 77 34 81 39 8 64 41 99 91 19 100 76 56 63 34 95 17 26 9 82 52 58 86 28 24 91 22 1 50 85 28 89 100 58 70 61 84 63 81 66 54 59 78 87 1 96 9 4 83 91 24 90 41 13 46 91 4 98 12 89 20 91 79 91 50 
56 24 82 65 35 61 45 50 7 29 42 81 85 74 21 70 4 53 18 76 48 77 49 49 95 67 17 19 46 73 62 15 24 65 19 43 58 3 95 21 37 84 63 94 4 42 73 100 4 73 7 36 32 21 21 25 72 47 84 2 53 25 70 50 81 53 61 87 7 48 95 92 88 52 17 77 29 42 64 62 30 68 84 37 21 54 95 57 88 11 84 44 29 54 4 37 63 98 88 13 
90 32 95 54 48 36 90 29 5 35 28 72 33 2 21 9 11 81 94 6 60 53 76 8 49 46 37 82 29 60 23 0 63 71 38 14 99 7 98 81 48 68 78 73 82 22 67 8 71 63 11 93 31 87 52 51 100 92 67 49 76 55 11 3 4 47 24 60 10 85 18 56 18 30 94 61 66 95 88 2 83 53 79 46 92 68 75 18 40 27 71 26 1 76 82 81 47 64 2 93 
36 11 89 93 15 15 94 17 70 82 37 41 100 72 38 95 66 30 40 16 86 14 96 86 74 50 14 41 6 7 78 83 18 11 79 52 85 88 10 91 68 24 87 77 74 2 70 8 15 42 19 88 80 65 12 98 20 33 15 68 41 97 93 26 94 46 32 45 98 14 11 45 72 0 83 96 87 85 79 53 39 56 1 65 65 43 87 17 47 14 56 20 41 36 59 32 33 55 23 97 
25 63 33 10 84 69 61 60 31 2 39 93 93 1 5 85 100 77 96 22 98 21 36 79 49 60 80 34 100 72 45 53 68 17 6 59 100 12 74 81 3 69 16 20 3 60 97 75 10 62 41 49 5 3 46 83 81 92 16 38 48 99 81 67 37 18 18 2 94 5 61 58 24 86 34 51 87 65 30 10 40 28 6 59 99 61 35 53 51 68 11 72 14 28 13 37 92 66 91 50 
88 60 56 69 74 71 54 72 51 57 78 13 44 34 56 96 38 4 43 67 2 41 99 22 82 35 46 10 27 5 73 69 84 12 75 24 0 55 15 38 55 57 0 42 34 38 23 1 80 96 25 52 37 67 71 0 68 31 56 10 87 55 38 35 91 78 98 42 12 72 30 74 35 98 63 14 95 2 20 48 12 74 71 13 80 57 12 59 28 94 49 36 95 89 86 24 79 65 36 97 
87 58 32 18 63 28 89 26 21 1 88 41 19 61 85 16 1 26 6 33 9 6 11 52 19 27 49 7 86 63 90 87 57 62 93 46 2 98 49 90 26 72 43 90 62 0 19 73 1 5 2 13 49 22 42 92 57 64 78 85 22 42 4 71 73 96 54 34 69 61 59 98 33 6 33 70 62 87 27 18 35 82 46 89 21 28 44 73 18 35 12 23 41 51 100 99 8 23 37 41 
52 96 53 87 82 42 12 100 9 37 23 18 84 45 65 74 94 93 54 0 14 50 93 19 82 77 14 10 85 60 76 51 80 16 52 44 24 47 90 49 41 51 100 0 74 0 81 9 11 77 37 40 82 64 68 78 34 85 61 94 48 45 54 3 29 19 27 3 70 19 39 62 31 18 75 55 17 100 71 48 68 54 93 50 29 45 97 32 57 34 10 41 14 9 68 10 11 22 62 45 
56 43 48 3 0 98 1 65 66 19 94 26 50 58 66 79 53 65 6 85 21 52 11 23 45 97 38 18 31 94 90 43 32 46 54 11 51 53 95 13 60 85 45 81 22 92 18 66 44 66 18 50 14 2 28 71 86 22 67 33 72 83 31 2 95 59 93 91 76 4 25 65 93 19 33 83 100 22 59 55 83 81 24 24 35 98 72 4 82 35 82 86 64 4 80 4 20 85 9 75 
2 77 42 43 16 67 4 22 75 84 97 36 77 55 39 76 99 5 70 39 48 12 45 62 76 81 21 95 46 12 60 6 9 60 25 63 99 23 27 55 32 75 90 37 47 51 57 25 32 98 24 90 59 31 34 89 66 89 29 78 77 63 9 0 52 98 86 30 89 4 41 62 6 73 56 86 27 88 43 79 32 73 70 8 14 72 51 62 74 65 6 9 77 57 77 40 36 41 95 98 
23 12 67 39 9 52 44 47 10 74 100 10 0 8 58 51 71 30 89 75 43 18 33 32 67 60 48 47 89 50 26 68 24 78 60 64 46 52 35 45 58 2 97 19 61 73 29 7 43 2 56 18 96 76 49 39 50 66 34 42 43 92 46 88 12 21 92 13 59 16 41 98 47 0 87 7 41 62 42 27 17 0 83 95 90 75 54 57 32 58 15 75 23 87 32 41 37 90 11 59 
79 47 77 53 68 20 44 68 50 49 84 97 49 96 97 65 77 17 35 16 75 92 19 60 21 78 12 71 47 19 94 75 30 50 63 10 67 61 72 97 87 2 65 4 94 2 78 69 56 87 42 52 68 66 77 41 46 100 60 0 63 18 97 13 75 53 20 85 19 94 94 27 44 12 79 18 79 52 45 75 48 60 71 32 13 8 52 29 72 55 8 10 75 98 0 43 65 24 74 56 
100 20 75 50 5 6 97 66 44 46 42 63 81 93 17 18 29 81 7 95 23 40 79 75 73 24 11 56 75 53 51 21 9 28 45 80 22 6 5 66 1 20 93 83 60 21 85 75 33 70 45 55 59 89 11 58 75 70 60 16 98 67 26 55 54 51 63 3 63 86 83 40 18 36 92 52 26 64 75 57 69 9 17 63 88 100 90 15 58 31 14 55 51 84 20 50 4 78 8 74 
74 40 65 91 21 2 13 73 26 73 40 24 38 48 4 75 96 22 91 63 8 83 55 28 27 94 13 20 4 17 57 72 83 62 35 22 19 41 11 47 30 38 89 70 72 37 52 37 6 30 61 6 32 39 43 95 86 30 45 40 100 18 83 33 64 4 36 88 8 33 54 56 56 31 22 80 97 98 31 90 48 34 37 32 44 49 21 63 47 43 46 31 61 93 10 35 86 90 1 87 
26 62 46 65 56 89 100 56 59 41 7 88 70 24 49 42 31 30 13 41 96 85 91 93 60 77 77 64 94 19 21 53 53 26 74 41 64 10 83 66 71 93 58 96 28 69 52 73 39 61 100 53 39 76 28 87 52 99 100 22 84 90 93 26 98 25 93 74 29 7 37 6 16 93 85 6 44 77 23 8 26 62 64 70 33 75 29 19 83 85 34 92 87 75 55 93 81 17 80 81 
57 85 62 39 69 84 72 38 1 47 25 80 20 29 37 97 11 75 46 78 32 51 35 11 11 74 11 16 26 20 98 92 11 12 85 32 97 68 25 21 62 35 85 54 52 59 53 45 58 50 12 64 88 40 64 62 29 80 95 35 84 8 29 18 95 69 67 10 11 47 92 55 24 56 70 14 33 3 4 71 34 12 75 61 45 14 95 19 79 64 13 7 15 72 43 86 100 98 73 80 
98 53 29 67 91 53 14 9 79 78 18 54 8 39 70 52 16 4 23 59 46 79 20 98 42 47 73 30 41 80 26 92 95 91 31 50 31 31 21 17 72 53 50 60 26 58 40 58 85 75 31 96 9 14 1 17 57 84 33 74 41 77 99 4 71 53 49 70 64 6 43 81 99 0 33 63 14 33 98 15 33 75 64 29 81 82 75 9 49 34 80 3 11 44 4 7 50 77 41 15 
54 15 92 5 27 10 14 53 3 41 19 39 84 85 65 84 12 46 89 39 97 23 64 22 32 46 22 97 15 11 76 79 4 63 9 41 70 72 21 1 2 5 24 35 92 70 87 55 0 34 52 33 73 63 89 0 100 10 29 1 76 69 90 100 39 17 15 75 23 91 76 92 71 89 52 69 94 29 6 92 79 71 20 48 27 37 25 50 78 77 97 12 40 47 60 65 45 56 58 40 
40 29 11 79 1 18 1 99 99 87 99 84 62 1 8 7 62 32 26 22 35 19 7 10 89 30 86 40 74 50 5 30 76 97 30 97 69 16 88 16 58 60 90 77 8 66 65 38 7 50 12 67 18 6 96 54 73 46 92 63 97 96 12 19 67 73 28 38 94 85 15 75 52 89 45 42 17 72 11 27 41 93 29 32 68 75 82 65 0 25 84 95 94 22 97 25 53 41 13 21 
91 6 37 61 74 63 55 76 34 75 57 40 18 65 16 49 58 51 60 65 37 13 80 100 5 58 19 16 42 85 88 90 8 100 5 65 73 85 91 33 27 12 73 45 1 88 26 74 13 3 0 56 73 15 48 90 98 92 2 64 14 59 9 42 77 76 93 57 71 47 92 4 69 87 77 47 17 95 90 62 36 62 5 46 16 93 12 23 82 54 58 73 94 66 28 62 73 2 57 24 
1 24 35 83 55 53 30 54 69 67 9 9 22 10 7 31 73 67 34 97 7 66 13 99 29 20 66 44 21 7 64 85 14 40 54 55 88 45 1 78 99 98 66 24 58 54 87 11 20 3 43 5 58 74 30 84 43 40 65 22 15 30 21 9 14 75 32 95 47 18 27 52 34 29 37 40 23 80 53 67 62 97 7 84 23 1 29 34 56 15 9 17 7 17 0 57 22 53 63 86 
48 25 12 26 62 87 97 47 20 65 78 37 90 29 61 37 14 71 47 77 17 23 92 1 18 68 73 33 41 85 80 96 69 97 44 44 24 69 15 73 55 71 64 53 37 0 22 68 80 21 99 11 76 13 89 2 85 88 100 94 61 69 28 90 96 41 0 23 90 63 30 3 71 24 16 92 34 79 31 32 72 78 68 15 52 38 56 19 11 51 61 84 56 64 89 32 21 52 50 58 
86 42 59 6 1 57 18 24 87 66 100 85 21 11 76 2 36 6 31 19 95 80 81 9 59 85 26 83 73 12 76 62 52 53 47 5 5 12 22 66 97 49 73 96 53 5 15 16 18 87 7 52 21 64 74 99 59 18 59 87 71 75 10 12 88 86 62 6 0 40 31 82 95 90 82 83 82 50 54 49 17 62 85 80 29 87 71 82 71 98 55 0 71 95 87 17 74 46 53 85 
86 58 47 71 26 91 66 99 47 88 79 85 51 5 5 20 77 56 49 52 12 58 54 7 63 30 86 35 79 55 95 71 38 62 66 92 50 44 47 100 48 81 33 69 66 16 76 89 73 14 89 23 27 5 4 1 44 9 45 27 11 80 86 36 83 42 9 97 24 58 28 89 65 34 95 51 64 41 44 55 16 100 74 70 59 90 6 75 76 63 8 90 83 44 51 7 50 69 64 12 
93 40 36 93 12 70 59 87 19 39 53 59 31 57 76 57 79 92 72 92 70 11 52 22 60 89 50 94 25 94 47 42 98 2 25 23 97 78 9 21 5 73 26 66 1 86 41 97 16 66 94 38 41 26 25 59 93 53 0 15 10 3 77 66 54 39 29 45 17 28 90 35 24 19 0 9 33 19 50 94 71 9 33 74 16 34 21 96 20 96 71 9 87 51 49 11 33 21 48 7 
8 73 46 69 34 59 91 39 82 0 39 100 85 5 46 23 39 66 27 5 77 75 38 3 25 55 32 53 32 48 66 15 41 10 15 97 63 28 8 83 83 38 96 13 42 100 100 83 62 77 42 22 29 5 65 72 82 86 41 58 94 21 47 56 33 9 50 100 41 23 8 40 19 94 62 82 26 50 87 76 56 47 15 58 84 65 34 26 11 64 50 97 45 43 24 85 40 29 93 90 
81 100 6 66 9 76 31 29 36 16 92 92 60 61 39 97 46 87 58 34 96 35 10 74 67 44 12 73 95 98 45 42 97 25 17 100 8 78 40 97 40 17 58 36 16 14 69 34 95 61 25 92 18 36 3 99 1 32 48 13 80 92 56 8 59 59 97 46 19 26 41 61 6 87 19 37 46 98 3 36 6 40 54 16 44 73 98 71 60 98 53 72 70 13 34 47 80 87 21 83 
67 17 23 46 89 4 25 95 20 79 90 62 43 77 40 42 75 98 54 37 23 77 13 81 17 100 76 60 58 98 51 99 82 95 45 23 83 20 59 32 32 7 46 47 12 36 93 84 56 91 63 37 16 79 57 1 25 68 40 43 18 25 12 21 31 70 43 54 13 87 76 33 79 26 69 47 1 90 14 56 18 10 45 57 4 43 20 4 30 74 29 39 45 73 73 79 17 62 26 94 
17 58 9 15 94 46 13 48 57 20 77 55 93 50 15 30 99 95 78 33 6 95 8 38 47 5 8 80 77 98 50 54 91 48 75 56 91 25 51 31 27 15 76 62 78 100 70 82 79 48 31 53 18 58 86 64 80 31 35 49 97 0 60 28 98 41 58 0 88 92 30 34 43 17 89 98 35 58 73 39 38 88 4 58 68 60 19 3 80 87 91 46 85 73 18 69 62 65 67 33 
81 63 15 75 35 88 17 81 4 72 14 67 86 44 47 40 4 75 24 75 87 42 97 19 69 96 75 63 77 66 4 81 3 98 31 77 6 31 32 86 60 15 32 32 99 63 46 46 56 84 63 46 8 50 29 71 86 44 98 44 92 33 73 68 37 63 77 7 72 67 99 11 70 53 98 94 13 5 44 5 44 79 57 89 69 98 16 56 19 61 89 52 84 29 24 72 98 88 83 29 
5 29 47 73 36 31 53 44 23 20 34 46 81 90 74 95 4 97 7 56 60 26 19 47 33 72 23 42 81 12 57 92 6 42 23 63 68 62 91 93 47 86 22 51 15 24 30 89 8 8 10 10 9 24 99 19 29 72 73 53 45 14 77 50 77 1 80 91 83 7 47 86 18 66 36 29 88 99 44 0 46 51 84 97 26 82 34 24 37 66 41 47 14 64 70 9 43 16 8 33 
72 67 60 57 73 57 44 58 18 24 91 93 51 68 96 4 54 1 54 33 88 48 81 96 60 56 95 50 80 86 12 36 37 51 29 47 72 42 26 87 75 77 51 48 60 83 52 93 79 83 73 42 14 2 69 22 47 21 82 69 96 24 3 87 30 31 88 30 33 75 10 87 75 42 39 98 79 89 30 92 72 31 8 16 66 85 48 36 18 69 11 100 93 15 63 55 6 79 40 84 
47 11 26 45 1 57 42 31 26 4 29 98 35 20 85 46 73 9 15 14 23 48 64 66 10 36 65 66 74 24 26 34 60 10 98 16 42 23 78 20 93 73 30 35 78 74 69 81 53 91 63 91 89 29 10 39 32 73 55 87 73 26 99 100 31 58 14 40 65 94 83 80 70 74 95 98 90 81 45 3 9 62 24 93 79 78 82 94 13 75 0 36 97 65 16 29 92 74 48 65 
85 89 97 44 76 35 99 90 35 69 31 4 0 53 68 51 93 37 68 41 79 3 95 76 99 68 12 35 87 48 54 56 10 77 90 55 28 28 66 58 1 0 61 61 44 57 18 18 90 32 49 94 53 11 68 95 69 78 8 79 18 27 40 0 72 38 52 30 74 53 20 32 27 76 1 44 83 79 94 76 98 68 65 57 89 33 63 64 78 40 0 96 1 20 22 71 49 60 74 75 
58 11 81 53 12 62 50 28 18 71 83 15 91 43 46 26 97 81 16 8 87 70 44 86 23 35 72 94 70 38 36 89 11 8 31 60 48 77 78 78 66 42 97 1 81 79 36 60 0 50 78 81 61 16 0 36 83 40 85 24 27 76 35 2 65 62 97 61 49 16 75 7 53 30 85 33 70 77 28 78 94 84 18 61 78 67 75 28 95 16 51 27 77 43 60 66 5 36 69 93 
36 45 21 19 23 62 8 57 98 90 5 90 72 37 6 38 87 90 32 45 73 92 29 96 99 92 100 8 48 24 9 57 52 78 54 66 89 23 11 98 95 35 20 10 13 12 66 30 93 30 85 7 73 65 46 47 73 64 3 61 22 6 27 28 87 7 16 46 64 57 72 64 83 12 63 75 40 84 11 67 16 76 3 36 37 95 9 12 8 85 68 45 14 35 34 49 81 8 95 50 
45 79 39 67 64 71 79 50 1 25 74 3 47 88 94 46 91 26 9 47 14 0 93 89 23 9 32 44 39 80 82 14 18 47 30 96 90 25 77 54 5 71 75 21 34 69 19 99 4 78 14 22 68 8 65 97 64 41 96 37 30 24 71 26 65 83 0 12 46 28 40 4 29 57 48 0 49 100 18 46 88 83 52 31 65 29 47 90 77 58 33 37 43 0 58 60 97 6 71 89 
10 70 82 57 6 90 55 19 57 85 90 88 96 62 53 39 23 8 34 70 46 78 23 18 61 74 89 40 66 65 60 37 41 18 3 70 100 21 92 65 57 36 20 29 96 65 95 35 39 39 38 83 40 44 11 27 71 75 8 82 71 98 39 12 44 80 57 36 57 63 80 84 11 75 31 51 40 31 57 68 72 39 58 81 73 47 40 35 82 85 23 2 92 0 17 10 16 40 50 96 
25 98 9 2 34 59 43 97 69 26 80 7 58 7 100 50 40 35 17 69 39 52 29 14 9 96 75 49 79 10 95 51 37 96 8 77 59 98 40 43 47 5 37 67 15 78 24 37 38 73 20 97 96 6 25 16 61 41 83 49 58 49 36 23 10 0 16 71 98 52 36 27 69 97 29 99 21 21 88 67 35 81 20 39 21 25 70 14 27 7 12 69 15 84 50 53 6 56 23 21 
97 47 78 10 71 71 37 40 65 91 14 23 55 71 45 90 98 11 25 48 73 95 98 67 47 33 42 58 69 65 62 77 96 19 42 10 5 15 97 97 52 60 50 71 94 37 70 22 23 1 85 60 91 77 61 53 43 54 81 59 0 89 28 81 72 97 54 52 6 32 53 1 10 54 72 33 60 7 85 81 4 3 16 87 89 13 73 23 28 70 24 84 3 48 61 20 46 88 54 37 
54 70 49 98 61 22 44 25 76 94 47 7 71 29 79 65 31 53 87 71 17 99 44 78 21 20 6 20 81 38 29 15 97 90 76 56 62 35 79 53 78 98 66 42 12 56 87 56 8 60 65 44 66 93 61 63 40 42 7 64 56 62 70 96 55 57 39 60 15 17 47 69 4 78 2 81 28 45 49 50 57 11 54 61 73 73 42 25 62 97 17 15 72 33 56 67 6 49 69 18 
65 68 23 31 90 8 60 98 81 62 30 2 39 89 24 78 63 10 56 23 14 49 28 52 96 83 84 66 41 49 32 8 72 58 85 77 41 23 62 73 9 68 1 85 86 72 85 94 7 55 30 53 25 99 87 20 42 32 52 30 21 97 66 80 74 49 43 99 8 56 4 78 4 47 34 93 33 60 53 48 28 24 42 85 50 60 4 48 61 41 94 47 8 0 28 3 6 97 80 30 
