100
38 73 76 34 97 92 69 59 47 37 40 11 12 77 12 95 86 11 62 72 2 11 76 98 12 36 53 62 35 34 84 63 76 36 7 34 90 75 65 72 1 84 48 24 88 27 51 88 98 0 84 34 13 84 62 90 57 93 55 92 46 8 25 81 47 25 12 82 72 100 88 25 70 5 32 61 70 25 61 57 45 84 92 5 42 86 70 75 93 77 22 47 100 27 10 40 45 21 68 26 
23 5 24 28 14 48 64 48 80 99 6 96 46 98 76 42 10 51 39 25 24 53 60 97 64 2 76 6 35 99 19 19 43 79 89 61 12 95 52 0 39 40 81 37 56 54 4 46 65 29 91 81 55 20 67 71 19 58 58 22 7 11 60 60 78 31 14 69 9 32 83 7 19 62 33 79 43 46 84 25 98 95 23 65 30 72 77 34 72 33 63 59 51 62 51 60 23 31 60 49 
64 57 84 18 85 18 60 19 44 29 87 31 64 68 75 67 21 4 48 20 52 37 33 9 9 30 4 69 79 76 18 98 16 28 0 42 87 59 16 49 23 81 50 76 50 51 60 14 37 81 77 44 37 22 94 48 66 3 41 4 21 4 96 4 32 96 20 21 97 80 27 70 13 69 63 62 37 49 78 60 89 12 37 46 7 82 12 77 45 34 45 79 44 99 57 85 22 77 64 59 
51 33 64 24 60 55 9 62 63 80 17 68 12 4 98 0 94 55 64 63 27 79 56 91 21 69 39 65 48 5 34 71 100 54 12 77 91 38 64 28 89 87 94 40 11 40 51 44 0 47 34 12 17 87 4 55 71 68 12 22 71 27 68 9 32 35 62 17 90 49 16 72 51 16 56 17 73 50 69 0 53 83 83 56 49 88 15 49 17 4 73 47 34 4 86 29 38 28 58 61 
22 25 57 20 61 40 22 93 99 59 16 10 97 52 42 49 65 2 37 81 76 0 20 7 37 65 30 1 89 98 63 3 69 28 92 32 24 76 30 100 43 12 26 61 49 4 34 15 80 87 43 62 95 36 54 87 20 86 35 72 24 77 83 66 34 9 29 29 3 66 57 97 2 63 82 86 53 4 77 73 90 2 98 77 86 63 48 18 20 37 75 18 10 72 96 38 93 14 47 32 
41 25 100 20 85 97 88 78 7 29 95 8 47 20 60 30 4 45 64 45 15 68 45 5 58 88 82 1 88 80 3 12 99 24 54 80 23 37 88 77 93 69 68 18 73 30 99 56 31 60 32 95 95 74 77 92 85 45 24 52 75 77 48 40 12 94 32 62 8 43 47 25 4 42 36 52 29 0 32 79 18 0 46 16 63 89 85 48 8 91 76 10 50 58 11 36 67 29 48 35 
24 20 82 69 17 54 11 27 31 78 47 67 53 73 98 85 47 37 61 94 15 71 79 89 8 35 4 91 52 2 31 83 1 56 75 0 53 51 36 27 66 58 36 95 100 96 83 1 59 22 49 49 64 3 4 58 27 45 76 72 92 84 56 79 49 84 3 13 93 79 38 20 89 30 1 8 55 2 80 60 66 97 45 98 91 79 68 36 53 59 96 64 57 12 66 67 4 75 10 19 
98 55 79 53 36 62 39 16 78 42 88 53 61 49 65 53 49 26 43 88 45 52 29 41 22 0 54 15 73 34 45 51 32 98 45 97 61 24 26 15 33 76 91 68 94 60 66 90 57 21 20 94 44 23 64 94 100 60 82 17 62 61 25 23 96 6 71 94 24 57 75 89 45 34 28 73 64 44 82 98 51 79 33 21 5 78 37 1 0 28 58 47 71 89 3 89 47 84 62 78 
73 60 21 13 5 51 34 48 5 10 86 89 58 86 44 35 53 42 54 48 75 1 60 60 71 99 13 100 36 47 10 39 65 55 97 79 32 28 64 55 56 45 72 57 96 0 48 34 36 91 44 76 30 91 2 80 76 97 70 56 49 80 85 62 84 57 53 24 69 97 23 36 99 98 43 33 29 82 69 30 16 92 98 75 12 76 35 11 7 48 35 29 31 85 5 99 85 87 37 46 
2 30 74 60 0 26 40 50 71 57 30 60 40 91 16 79 54 37 45 85 75 87 84 14 63 74 0 70 32 74 20 75 70 73 93 16 52 50 97 88 83 82 60 41 50 27 40 84 52 40 88 99 81 93 39 32 72 62 97 47 76 21 7 0 70 39 60 23 87 24 14 83 58 1 99 74 87 89 87 89 78 37 78 100 87 97 50 95 76 48 93 0 77 88 45 86 20 2 12 80 
48 29 30 35 40 40 90 80 90 40 25 80 66 76 20 81 22 50 43 16 12 88 91 51 66 47 41 57 100 5 2 63 22 1 31 75 31 41 92 52 80 41 77 6 40 36 2 95 100 55 40 59 81 49 5 32 42 42 71 70 22 47 29 66 78 6 60 51 14 0 22 20 50 85 28 18 5 96 45 40 87 48 40 44 43 2 87 100 90 75 4 26 63 42 4 16 95 9 18 44 
73 74 43 84 2 57 75 68 36 62 54 64 33 57 71 37 64 3 21 50 45 73 19 76 73 75 100 10 82 44 24 64 40 0 88 76 24 95 6 0 44 25 22 81 3 3 47 9 89 17 90 45 74 51 17 68 67 86 45 41 13 6 83 97 27 20 36 90 58 97 92 75 18 48 2 33 30 30 69 91 6 56 85 31 9 21 35 58 34 87 28 54 36 13 84 47 62 86 38 8 
72 69 36 40 21 35 62 86 72 100 13 45 70 15 43 76 10 86 47 48 84 4 83 77 65 90 38 7 6 21 46 0 59 10 70 5 36 77 71 85 56 25 39 50 8 91 33 75 95 24 96 53 1 22 13 31 39 21 21 87 70 64 15 87 84 99 16 83 9 5 12 58 80 41 99 33 56 63 9 2 71 68 27 69 78 93 41 95 14 17 48 27 10 53 14 39 66 58 78 17 
75 39 30 45 8 59 9 22 94 97 43 59 95 25 44 17 37 27 17 82 11 51 97 45 20 53 14 85 20 37 82 40 60 96 11 36 22 25 97 48 36 44 75 11 2 52 11 54 64 6 23 76 36 0 25 87 52 44 58 91 62 48 3 47 96 62 59 64 96 80 39 91 62 13 79 68 56 0 3 97 79 83 40 41 6 9 61 61 93 63 34 2 31 20 30 60 46 85 91 69 
90 55 80 87 23 26 1 58 76 41 89 6 5 96 8 80 52 84 21 35 76 72 32 79 37 38 55 37 83 35 71 0 16 18 14 20 35 16 45 37 61 52 16 49 2 36 84 50 88 66 5 11 41 36 14 73 16 60 39 53 64 88 33 93 34 16 87 22 5 36 30 30 83 45 13 93 76 72 55 1 94 77 6 48 6 33 43 47 74 38 79 25 42 85 1 3 36 11 24 39 
74 60 65 53 24 13 4 8 34 68 6 56 66 28 39 67 46 12 97 48 27 75 64 22 29 85 28 70 31 24 89 51 40 52 27 36 51 97 76 14 80 73 43 100 25 83 43 32 31 92 99 2 20 50 40 68 14 59 9 44 97 89 67 54 41 62 99 91 27 28 68 31 5 81 55 73 62 80 8 59 77 35 89 6 21 35 26 80 94 35 0 69 34 63 80 91 73 48 75 9 
15 63 29 96 48 68 19 68 34 53 91 62 76 90 6 34 57 39 84 89 6 25 29 59 18 100 89 50 97 76 99 51 30 18 15 65 98 100 42 62 16 70 52 16 97 1 64 0 92 61 80 72 30 31 54 7 32 38 77 38 2 88 38 15 59 34 6 83 31 94 18 67 74 48 10 87 28 45 19 19 90 50 63 100 1 33 18 77 88 60 18 92 62 33 52 10 57 98 61 67 
74 84 15 51 62 84 87 56 20 97 44 9 98 78 4 11 35 18 55 66 21 89 73 9 33 14 58 29 61 77 18 55 100 18 45 77 87 64 74 38 13 58 56 45 88 6 23 25 5 52 69 89 83 77 17 50 82 18 43 56 23 87 12 27 29 59 32 31 97 69 96 20 82 31 45 41 31 4 53 88 81 90 9 94 33 77 83 60 19 91 98 74 5 23 55 58 75 36 20 70 
25 16 17 67 18 91 58 78 97 51 30 79 16 27 39 11 32 22 67 45 92 77 13 63 10 29 26 46 82 27 96 29 85 11 95 72 37 23 88 17 7 99 3 83 62 4 26 29 79 40 3 4 95 92 42 25 40 41 13 72 15 3 60 27 90 0 82 3 12 86 42 3 57 8 72 84 26 87 7 38 57 92 61 50 81 35 5 32 21 17 12 15 72 70 18 50 36 61 9 49 
9 93 45 92 63 49 56 72 52 41 66 31 32 29 48 40 84 94 12 93 22 64 83 30 41 13 32 21 33 77 61 41 97 17 64 88 15 66 15 96 32 20 44 38 56 56 95 83 84 38 47 40 95 37 26 3 60 34 36 21 14 100 71 16 66 59 83 53 70 55 43 38 3 16 98 27 47 39 69 86 8 27 36 20 0 14 18 25 68 34 95 78 41 41 82 11 82 29 85 30 
98 47 3 96 40 54 85 63 95 66 17 17 45 71 35 73 89 23 90 89 42 44 16 91 75 35 46 70 30 87 73 43 7 64 8 14 76 10 67 20 99 32 81 36 48 11 33 6 2 25 7 46 3 3 85 24 68 9 38 21 14 84 46 40 7 51 48 41 34 79 31 26 14 95 10 16 88 63 1 8 85 19 90 40 80 15 52 28 92 38 10 15 15 6 23 96 91 17 84 69 
77 80 99 49 9 33 65 67 25 21 46 37 19 7 63 16 76 91 90 86 70 77 56 89 61 23 79 62 15 90 80 53 21 21 18 21 80 34 81 66 70 70 41 45 43 16 4 80 13 60 69 39 8 71 45 95 41 15 77 64 12 5 26 49 23 6 40 17 43 62 7 72 65 77 80 81 21 7 60 39 92 76 4 79 85 3 87 77 23 23 67 60 24 20 79 3 85 85 60 20 
33 72 54 72 57 10 86 47 88 46 22 34 16 94 43 51 0 5 11 24 79 56 29 81 32 84 56 66 11 61 59 8 8 57 88 27 42 8 21 69 0 35 10 80 24 40 74 97 14 86 0 1 12 24 29 78 73 95 32 58 44 25 49 15 40 45 36 63 6 80 86 26 91 55 77 37 72 42 2 11 67 47 46 47 49 24 22 44 98 87 28 22 70 68 58 25 81 67 36 15 
27 92 90 53 85 80 1 100 35 8 79 42 10 39 47 17 31 49 19 82 97 72 94 74 69 48 85 78 98 81 65 59 42 68 61 48 20 30 55 89 98 7 81 47 82 36 68 69 8 7 7 31 69 68 21 74 37 84 62 6 27 32 34 67 9 1 27 80 21 52 90 63 86 7 76 66 16 59 11 7 33 80 57 58 32 74 64 87 36 20 4 0 29 75 91 32 63 58 19 10 
94 51 36 37 34 14 47 63 89 66 59 85 93 59 14 52 83 63 33 23 87 3 18 100 21 70 52 79 0 58 39 58 68 99 6 29 96 27 91 71 42 5 29 69 77 95 25 28 29 32 9 99 16 48 21 56 62 99 39 91 94 82 35 78 90 73 6 94 98 67 49 74 19 21 21 59 12 7 52 26 52 84 98 84 71 28 94 44 62 63 42 11 35 92 69 63 29 73 64 10 
92 71 81 52 17 75 28 29 73 34 56 23 56 26 6 44 72 43 72 79 17 2 29 75 34 94 5 62 70 17 44 38 29 45 44 83 73 50 8 31 35 64 62 65 72 5 13 0 62 95 93 43 36 16 6 74 24 65 23 61 20 77 93 7 13 41 70 68 7 39 14 43 68 18 91 79 30 1 33 68 88 54 11 100 96 15 29 92 8 10 60 72 15 85 36 84 91 96 35 76 
10 38 23 20 29 59 83 1 100 86 15 87 99 62 84 79 99 14 52 27 14 22 99 85 45 8 49 1 1 99 17 56 100 81 2 81 85 89 91 67 19 23 78 62 81 62 78 52 60 76 46 26 73 31 51 62 84 53 18 19 32 56 22 42 45 35 4 55 74 100 13 77 86 13 45 30 10 66 68 12 80 30 95 25 4 71 60 100 17 71 21 80 6 32 2 33 2 17 100 8 
56 9 66 11 73 93 50 72 24 1 84 65 54 11 18 74 93 88 97 53 1 80 76 60 61 16 10 10 39 23 12 8 24 5 6 23 30 88 80 14 94 8 15 68 77 91 73 28 99 97 35 81 29 17 21 81 57 58 71 35 4 99 76 85 62 34 66 100 16 19 96 89 37 42 9 76 40 73 95 88 28 75 50 44 40 86 32 83 72 72 10 84 48 10 30 67 59 98 90 52 
28 100 31 72 64 26 72 51 21 57 1 45 94 65 44 96 8 37 80 93 4 22 59 23 13 87 82 77 93 26 57 7 65 62 23 57 45 44 67 11 63 77 59 62 43 70 97 57 24 14 88 57 27 55 15 35 47 23 30 93 34 50 17 84 94 3 21 71 73 35 18 56 23 13 88 37 82 61 72 30 46 54 97 97 33 86 26 35 17 19 43 99 14 71 90 68 77 86 78 12 
12 21 94 9 42 28 59 83 53 25 78 89 14 58 62 61 21 61 95 67 77 11 38 81 41 16 86 72 19 77 3 59 95 14 90 75 15 77 35 1 88 49 83 40 69 45 16 36 81 81 39 41 80 71 11 16 73 1 73 45 68 79 70 57 22 64 2 39 65 45 91 55 67 3 24 62 90 59 44 65 17 34 81 51 16 60 27 39 24 83 92 49 21 31 57 46 22 22 21 0 
94 74 94 10 30 15 74 57 12 33 51 37 46 36 56 24 33 78 0 45 35 2 69 83 7 65 42 69 37 54 17 96 6 34 46 22 99 71 30 19 11 96 68 2 54 58 1 91 4 17 24 20 17 1 63 70 79 1 81 82 31 96 6 83 90 22 79 5 36 69 96 1 4 51 18 0 65 87 57 43 86 59 16 96 4 50 76 3 100 43 63 62 86 39 6 5 55 53 9 35 
58 91 28 36 61 11 64 30 49 78 91 15 32 24 45 74 33 3 67 11 63 42 6 75 15 94 67 60 14 6 85 17 82 7 46 51 93 66 44 95 24 46 1 92 81 8 88 38 34 74 11 93 71 82 20 60 86 77 7 49 74 67 41 77 60 15 70 13 96 41 68 40 100 75 17 71 84 74 28 41 95 42 30 71 54 87 35 29 49 95 94 34 41 87 84 84 92 26 77 14 
34 68 47 19 74 6 56 30 28 44 63 83 83 4 16 61 68 25 22 75 65 83 78 55 6 34 11 12 70 20 73 27 99 86 21 88 9 53 16 28 92 50 78 96 13 59 63 37 81 91 87 1 25 59 25 33 25 46 14 81 44 24 41 23 91 10 52 57 100 83 92 95 58 2 57 44 4 29 66 8 29 38 15 75 86 13 51 15 28 62 38 70 45 3 47 8 85 22 92 20 
31 35 71 94 98 3 90 23 68 52 93 8 21 45 74 94 76 80 95 73 55 2 92 47 6 67 46 0 20 96 77 96 95 66 19 2 35 2 76 90 59 67 57 99 47 23 65 73 32 17 43 1 71 22 93 56 52 96 9 45 22 95 22 38 70 83 1 93 79 74 23 87 71 52 30 18 49 47 72 74 82 57 83 79 69 27 9 57 12 26 78 22 27 34 34 15 44 70 55 92 
91 83 91 33 100 16 53 20 1 2 59 49 11 75 31 6 10 10 35 100 49 37 25 25 85 38 46 32 79 20 91 75 89 54 17 81 44 66 59 7 44 76 25 77 30 29 37 11 13 49 98 64 30 80 98 98 25 3 69 63 99 87 20 76 46 71 8 85 85 39 50 95 86 7 7 59 6 22 76 46 33 54 49 21 58 60 56 82 95 52 52 16 62 93 30 65 34 73 77 57 
1 70 32 21 19 56 23 70 58 98 25 98 85 40 35 72 95 57 49 14 63 83 80 17 30 31 76 38 33 95 43 15 25 35 67 8 94 74 12 27 36 42 22 68 4 47 26 49 80 4 55 0 13 58 61 24 15 39 75 13 83 48 38 68 20 85 34 2 26 6 8 56 40 12 50 97 58 62 40 46 16 23 95 27 11 4 98 68 3 38 45 94 60 82 58 80 11 24 1 28 
61 34 26 67 29 23 17 45 22 63 64 90 38 60 52 60 79 56 73 69 0 5 74 46 99 51 77 76 57 28 19 82 66 85 15 47 27 61 36 91 100 8 19 92 86 20 20 79 62 80 92 95 90 34 85 80 57 74 9 61 22 90 28 40 68 67 50 58 91 37 8 14 7 51 9 28 32 66 100 1 35 81 54 29 14 73 40 69 79 31 61 66 47 54 27 15 32 80 42 78 
37 51 75 40 86 87 30 62 14 43 45 24 41 99 37 0 96 55 77 13 3 28 62 100 91 53 31 22 77 16 95 43 61 30 53 45 90 39 46 73 43 54 72 59 79 77 2 29 16 45 19 50 100 74 21 100 45 4 55 79 95 47 22 27 19 71 89 72 12 79 12 74 36 47 53 52 85 27 46 52 95 59 22 30 16 99 29 36 97 11 29 5 0 93 90 16 46 28 30 89 
3 68 22 7 58 66 65 18 11 21 86 93 5 45 70 40 15 83 25 30 31 32 87 27 35 65 99 88 93 70 26 89 24 47 94 80 20 85 54 13 77 55 49 95 48 94 46 92 17 44 17 12 74 85 76 11 98 54 16 79 30 22 55 2 21 6 79 39 70 75 10 58 71 71 60 45 40 34 95 65 34 31 4 7 5 11 90 35 68 0 5 71 7 95 69 29 63 29 11 41 
100 98 43 55 52 93 59 65 74 73 61 35 94 3 55 55 45 14 34 28 96 66 5 7 33 39 5 49 77 20 63 98 8 93 3 76 4 92 89 6 61 81 6 30 22 38 27 28 13 52 34 15 86 75 41 78 38 37 4 55 15 32 38 11 43 50 29 29 37 30 51 53 34 89 36 75 99 6 78 74 12 65 57 77 41 73 24 62 25 25 8 31 100 68 14 44 68 82 32 93 
61 96 74 4 87 42 40 4 43 16 68 12 0 39 86 87 4 100 39 9 21 56 60 33 79 95 56 6 26 72 53 68 68 78 50 38 2 100 86 50 17 80 70 85 30 33 6 45 16 42 60 20 70 50 30 98 68 100 25 66 36 50 34 51 32 4 80 60 56 89 66 95 96 87 64 87 0 71 18 61 60 66 99 81 89 88 81 83 98 79 49 81 76 28 21 94 28 81 74 66 
85 53 33 76 17 52 24 52 1 39 81 40 12 73 35 84 5 62 42 19 67 89 93 13 47 18 86 29 12 18 50 99 44 92 30 26 54 63 62 70 70 34 96 12 67 15 40 91 35 79 48 28 56 66 99 96 68 61 89 26 53 50 92 60 53 63 82 33 42 62 69 93 92 24 41 20 25 77 82 44 40 28 79 90 17 40 6 83 91 39 95 25 2 15 20 99 76 6 46 93 
75 7 16 60 88 36 48 41 62 95 77 43 76 78 97 31 56 19 78 45 71 21 50 88 69 76 79 67 14 21 10 38 86 26 10 72 93 9 97 37 89 10 9 91 57 99 98 81 62 72 53 13 1 88 35 60 42 40 20 74 27 6 5 75 20 49 28 62 21 97 82 35 17 2 85 49 20 87 5 16 37 78 23 62 19 8 59 53 68 68 3 66 54 87 21 29 94 85 6 49 
82 35 56 91 85 41 77 14 62 42 34 84 9 77 47 59 24 5 61 76 33 83 85 58 37 2 19 23 90 93 95 73 38 36 28 94 11 73 7 55 27 42 23 100 31 46 64 28 81 31 66 90 21 15 40 2 10 6 51 78 74 53 20 89 94 65 13 47 18 12 36 73 53 61 3 16 13 41 4 13 82 22 89 51 57 30 0 64 67 54 37 7 13 9 18 99 51 29 95 91 
61 62 33 29 7 3 18 9 49 8 81 76 45 75 70 27 77 86 1 0 81 38 2 8 13 83 21 64 50 53 46 92 13 34 76 32 21 70 84 25 41 1 41 62 32 94 27 83 30 18 90 84 13 99 72 33 35 18 82 36 93 29 68 83 15 15 6 6 18 49 48 3 64 82 2 99 11 3 76 34 48 12 77 63 46 30 42 38 22 78 61 27 100 64 94 92 19 20 62 64 
66 72 32 83 76 30 86 69 41 38 51 37 76 46 53 16 94 70 12 82 30 91 58 49 65 22 98 2 75 20 60 66 70 96 26 9 88 49 68 60 26 47 27 86 40 18 62 11 5 98 41 60 43 34 9 7 6 38 31 91 74 24 40 90 36 80 98 26 40 91 87 62 66 51 57 70 11 35 11 65 91 63 87 91 98 77 30 20 1 61 72 46 34 78 93 100 20 23 99 30 
96 72 92 11 59 27 30 90 11 36 4 95 95 75 67 77 28 24 73 56 61 52 44 52 12 4 76 67 27 54 82 83 75 86 82 4 29 22 30 100 18 42 8 76 22 67 72 42 11 16 14 69 59 76 41 4 64 32 83 63 81 45 46 61 39 34 24 27 29 28 40 93 22 77 0 33 57 32 79 39 65 87 67 46 44 35 5 21 72 70 0 18 34 52 19 90 2 80 78 26 
33 35 56 27 98 45 67 94 86 19 37 42 15 3 36 36 15 77 49 17 45 73 85 57 65 87 16 49 52 53 26 48 19 17 49 47 30 87 42 31 86 5 100 50 19 82 97 30 88 18 14 63 1 21 82 59 53 77 24 16 9 88 0 32 100 21 78 16 32 89 29 20 41 24 30 59 42 77 12 40 85 93 89 20 91 99 76 52 26 62 77 78 43 99 46 91 4 65 13 41 
84 19 81 54 67 66 44 4 77 62 33 37 60 89 90 64 84 25 18 67 46 54 77 58 58 3 56 66 29 78 33 23 37 50 74 59 28 49 65 87 31 31 39 8 44 22 4 65 52 57 55 37 24 8 74 6 88 45 1 7 99 50 84 28 10 77 64 62 94 48 80 17 92 43 83 75 17 21 70 47 7 84 9 100 86 19 89 41 5 13 25 77 2 37 55 67 94 86 88 9 
65 53 31 20 61 50 63 16 50 6 47 29 74 90 0 81 23 83 89 61 83 77 30 73 91 57 56 98 45 57 31 22 50 22 22 13 7 7 60 16 16 46 32 99 57 5 12 81 32 53 98 2 59 53 72 51 62 39 95 92 5 18 49 7 92 17 99 40 27 96 79 48 82 99 47 23 62 43 67 74 27 67 11 58 74 54 2 71 49 39 39 58 14 63 31 92 90 24 37 66 
31 29 15 58 1 50 16 84 35 48 79 66 86 4 16 58 62 53 65 95 32 15 70 30 8 47 2 64 25 89 59 84 53 84 48 23 95 30 67 67 76 16 31 40 45 18 68 68 57 3 14 30 52 96 74 98 67 4 72 83 38 69 86 11 52 1 32 28 54 7 41 2 68 22 55 36 36 86 25 12 77 64 10 92 70 64 91 12 7 6 69 28 5 49 24 45 90 31 7 69 
23 53 38 14 51 44 49 13 93 30 3 6 7 43 81 50 67 32 23 27 17 14 75 97 4 3 1 66 78 43 4 35 4 7 4 7 2 27 6 4 82 45 80 81 4 100 46 8 99 59 30 29 40 84 92 43 50 44 86 6 15 55 19 16 81 54 11 100 59 81 42 62 78 49 44 100 93 13 52 89 27 81 73 77 57 60 62 14 60 42 31 10 39 35 1 8 79 20 23 100 
22 88 65 95 29 64 30 100 65 12 22 14 61 98 85 66 64 70 50 57 43 11 12 17 14 74 21 95 32 87 74 76 80 16 64 90 4 23 34 52 29 17 32 56 1 17 43 58 69 31 12 80 11 64 56 61 59 52 31 88 65 37 97 43 74 34 53 5 5 77 20 97 89 30 78 31 95 55 85 43 5 9 30 82 57 55 96 46 76 0 18 21 48 81 88 19 29 50 95 50 
38 99 0 57 86 41 26 14 81 16 62 2 89 95 78 18 31 97 33 56 23 87 64 58 88 86 43 25 39 3 16 75 29 9 100 66 51 91 5 87 88 41 84 73 80 80 10 96 33 42 5 43 85 56 3 37 49 89 72 85 55 72 87 48 38 11 89 7 24 100 52 15 62 97 5 75 88 83 5 75 84 75 31 54 28 1 93 71 91 42 1 69 10 26 7 15 29 9 67 21 
40 79 43 31 74 63 55 64 68 81 34 68 33 76 32 47 75 54 39 4 4 98 46 5 61 82 62 39 100 78 23 41 66 77 46 21 50 90 2 8 13 63 93 30 40 69 19 5 74 91 2 100 87 92 93 60 24 81 71 38 23 3 60 13 76 33 98 6 100 86 95 14 30 35 67 33 95 94 32 94 43 13 63 64 81 61 85 22 97 69 77 24 8 33 96 19 88 35 82 83 
44 15 17 12 36 25 28 28 7 15 67 58 69 72 41 53 77 11 69 64 30 14 17 69 83 82 92 11 0 38 51 77 43 72 33 58 90 55 66 49 94 43 10 67 9 6 36 79 46 64 50 24 62 33 7 74 4 23 85 67 86 0 96 19 89 61 91 75 4 80 67 51 59 26 31 61 45 38 26 3 73 42 93 24 97 91 46 16 26 13 55 54 80 75 96 13 93 32 67 24 
64 5 96 5 56 3 78 14 72 38 84 89 79 5 17 9 8 19 67 20 3 98 39 43 92 48 16 83 98 76 42 49 33 15 99 30 100 96 37 73 67 52 61 2 75 3 62 7 41 56 69 54 82 46 93 11 55 86 28 80 40 84 84 4 34 43 56 59 13 23 27 63 7 36 34 12 79 70 50 11 50 72 17 89 57 2 27 33 16 2 25 34 3 61 45 24 70 100 33 59 
3 36 41 34 66 65 74 80 96 37 94 55 18 32 73 58 69 6 55 77 47 50 97 5 75 82 22 84 58 46 13 1 3 40 71 61 13 6 16 35 81 10 79 84 68 80 16 26 95 29 50 38 90 27 95 27 75 23 74 66 85 22 91 71 34 98 25 1 5 79 2 88 36 7 30 78 3 7 25 75 14 41 43 79 99 55 84 8 75 45 14 39 62 59 23 44 33 42 57 36 
66 33 44 18 99 15 66 46 31 99 40 88 100 38 78 42 10 61 19 35 46 6 15 93 26 37 95 1 62 35 34 71 75 47 87 99 8 68 3 76 9 17 70 96 24 19 47 53 75 95 95 63 41 82 10 13 17 15 95 23 98 25 41 36 6 10 58 59 9 80 30 66 22 63 44 76 57 53 12 4 9 9 71 41 28 60 32 85 9 46 22 97 96 87 61 0 38 86 63 20 
12 25 96 56 38 95 60 65 97 33 26 71 17 39 57 75 53 56 30 85 93 15 27 52 14 22 27 44 12 78 4 19 13 48 92 7 68 84 63 2 5 100 22 51 98 10 87 76 11 28 10 59 82 3 84 23 6 78 52 28 70 77 60 26 17 35 27 64 17 61 97 18 80 63 14 25 91 41 31 43 100 20 82 94 4 82 43 6 68 27 28 96 37 29 92 84 46 14 24 37 
48 82 82 58 18 47 55 42 49 27 40 80 7 75 69 40 13 100 11 41 1 45 30 71 36 50 83 69 11 59 51 20 6 61 33 14 58 45 28 32 94 72 44 4 15 6 39 19 32 13 43 58 88 88 35 31 44 3 10 72 62 11 91 31 35 25 91 24 92 9 34 4 17 99 10 83 51 87 35 3 53 0 60 60 9 0 10 7 22 45 46 77 63 40 29 56 18 18 72 31 
94 62 88 96 92 25 0 13 45 56 56 61 37 45 48 40 0 26 5 99 45 52 70 23 98 3 66 31 8 93 89 78 98 24 63 54 91 73 85 68 8 26 89 57 15 96 76 95 82 95 16 12 96 21 56 1 72 98 60 50 13 19 78 70 72 2 21 76 70 30 85 64 12 99 49 81 0 20 46 66 24 4 99 11 1 58 60 57 9 65 13 27 83 94 54 44 88 48 53 73 
66 47 44 66 15 25 55 47 4 96 56 12 46 27 7 67 87 74 28 73 51 74 60 31 18 1 26 9 53 38 51 22 5 38 0 41 73 33 27 36 80 17 13 71 56 91 14 88 13 14 32 1 74 49 64 73 7 8 41 68 79 63 64 8 19 25 59 17 40 47 100 70 34 47 33 60 9 48 50 41 59 19 23 87 45 87 72 67 36 39 97 65 23 72 47 4 41 64 75 9 
51 34 65 91 1 94 96 66 56 99 1 86 12 63 91 75 93 99 80 44 86 46 71 63 23 83 8 44 16 47 25 95 58 34 63 70 97 3 75 60 45 69 59 62 45 54 59 72 78 36 27 57 36 69 78 14 32 73 32 17 86 58 69 97 47 56 59 0 37 13 70 88 20 99 27 22 41 52 31 74 12 53 80 96 8 41 99 18 37 88 45 39 32 17 58 96 96 52 65 0 
19 54 14 14 14 84 14 0 9 37 38 80 96 85 8 65 80 78 79 2 75 32 78 75 37 94 67 66 85 60 95 28 11 90 23 48 10 93 28 55 74 9 57 4 77 56 84 4 50 94 2 59 72 37 87 32 21 33 51 38 29 73 78 7 94 22 49 3 35 5 63 38 83 20 33 97 52 31 36 23 34 88 88 65 59 77 18 70 60 20 60 90 6 56 14 31 28 45 79 83 
67 18 29 1 10 41 6 7 21 3 66 24 88 93 36 76 44 10 34 15 13 42 21 16 27 74 79 87 46 86 24 61 71 27 84 92 31 64 38 62 5 38 63 9 5 90 28 60 11 53 11 31 97 9 44 45 50 19 90 29 80 79 34 3 5 67 66 77 70 31 41 2 0 40 89 31 37 95 22 36 6 79 14 82 64 40 17 6 81 85 52 83 12 67 95 22 92 61 35 53 
41 64 36 4 23 46 51 54 75 60 30 22 51 30 36 95 12 14 68 47 60 91 87 65 71 12 13 45 69 18 6 41 51 74 98 29 95 4 27 37 93 31 73 30 31 66 16 37 4 76 0 3 44 71 61 50 20 55 94 90 50 0 98 84 21 80 77 89 39 34 98 36 34 89 18 40 6 57 64 31 61 4 59 59 13 59 68 60 83 59 60 20 28 32 42 8 85 65 95 95 
16 98 1 60 68 3 6 26 13 88 21 6 30 2 65 69 7 17 48 31 61 4 31 74 30 2 74 65 59 6 76 75 32 85 22 86 21 98 24 63 38 57 73 91 96 76 78 23 57 64 41 69 73 40 94 20 11 77 42 84 71 41 13 94 42 57 29 12 44 57 81 71 71 23 77 7 31 11 81 12 39 32 18 25 4 62 40 34 39 16 42 67 64 17 38 28 48 76 21 68 
26 31 25 33 32 23 20 32 15 100 51 89 69 81 82 12 24 0 16 46 37 11 85 95 73 44 15 91 30 72 73 13 47 91 72 77 53 88 49 8 16 55 88 51 17 14 15 77 56 37 75 37 93 10 50 73 21 52 35 65 41 48 13 83 34 12 42 89 51 25 99 61 83 83 40 42 94 7 40 33 96 74 93 44 57 18 9 89 87 22 81 25 14 50 20 31 59 96 80 90 
35 4 87 26 48 82 13 24 8 60 45 37 74 19 25 41 99 66 34 98 99 70 16 49 71 65 40 39 90 30 9 73 20 8 22 35 99 42 16 91 67 31 36 53 24 60 22 71 77 87 37 93 3 3 85 60 95 22 22 27 94 13 36 78 11 90 71 87 49 32 39 50 5 23 63 97 5 19 1 13 41 96 51 79 26 66 67 98 47 24 76 82 77 63 2 79 4 57 13 61 
26 26 96 17 78 36 78 26 58 82 72 62 91 10 94 55 7 94 8 93 5 86 9 71 44 91 86 32 56 78 90 50 83 66 37 38 17 56 61 64 78 40 80 0 14 5 26 33 11 14 65 19 72 91 61 31 42 99 44 62 43 4 42 97 53 9 51 31 4 54 39 74 89 94 39 28 62 81 71 3 75 78 13 71 4 83 44 81 26 83 61 64 62 29 70 100 71 25 2 49 
79 0 96 71 83 79 71 37 4 95 4 40 43 96 53 87 100 17 14 18 68 17 23 91 86 77 88 93 54 41 41 16 4 82 74 38 21 19 4 63 29 78 80 42 3 60 36 50 69 66 58 12 19 68 17 32 4 24 13 38 32 12 6 35 2 66 74 84 35 81 65 59 60 13 80 74 42 41 81 51 90 11 33 66 1 49 49 78 74 21 65 19 61 38 51 80 44 52 99 41 
37 15 55 22 67 4 13 41 71 57 39 36 11 9 58 97 95 56 33 36 78 76 32 48 21 11 30 58 34 37 79 79 39 13 15 100 11 18 96 14 26 76 4 42 52 71 37 60 13 18 66 3 69 8 8 14 6 6 27 50 25 4 22 37 94 1 10 39 59 42 97 5 74 88 4 24 55 79 18 33 89 26 50 36 56 9 87 90 25 41 3 27 74 79 76 78 65 10 55 49 
66 15 91 79 75 30 45 12 89 16 79 22 19 82 98 24 99 85 76 3 21 18 56 48 26 71 76 47 30 36 73 85 22 94 65 50 32 21 3 22 11 49 58 10 74 91 58 29 89 96 88 90 40 84 63 46 66 77 62 56 48 38 38 89 94 48 9 3 61 85 60 91 54 89 64 97 89 94 17 18 25 76 2 82 24 68 39 45 92 49 43 57 49 40 63 36 53 28 30 92 
0 22 64 26 15 28 52 14 72 81 100 77 38 59 95 7 57 45 81 25 81 97 88 24 16 29 11 19 47 77 89 48 6 71 55 72 7 7 91 36 70 9 50 33 77 17 47 63 60 84 61 4 0 12 66 58 31 13 68 6 56 61 40 44 100 61 1 42 67 48 7 89 70 98 9 91 68 69 19 25 13 19 51 26 38 80 51 25 17 7 28 9 10 5 75 6 86 70 59 42 
2 15 33 96 43 98 83 14 29 46 0 40 92 4 27 12 55 60 86 34 37 92 23 88 85 60 64 56 26 100 55 24 0 59 10 33 89 87 86 15 83 51 65 48 56 13 33 100 63 78 16 58 65 50 65 59 91 80 47 38 64 100 64 98 98 30 32 29 58 46 83 8 53 42 77 42 18 14 20 74 77 67 33 8 2 60 14 34 43 29 80 11 57 54 85 20 74 50 13 80 
44 48 5 8 89 63 57 56 37 9 79 65 46 33 11 10 7 36 89 94 3 59 20 82 86 53 98 67 3 52 63 94 96 32 94 94 10 43 100 48 49 51 33 19 67 85 59 80 32 11 65 39 27 5 71 58 90 99 74 86 64 73 1 71 87 57 24 72 61 98 85 11 76 70 2 17 42 55 56 47 73 86 33 58 13 33 62 96 46 93 9 1 67 87 66 39 4 2 69 27 
87 85 81 42 38 44 16 11 49 34 39 23 7 90 75 14 55 79 71 22 45 92 38 26 27 58 83 95 17 40 19 74 37 1 30 39 83 89 99 32 85 85 92 1 96 79 52 33 92 32 31 30 46 25 28 75 54 33 4 68 66 22 53 89 43 48 14 61 94 42 7 80 79 24 69 40 42 71 7 39 10 87 93 97 77 52 16 24 100 15 87 4 87 61 91 5 92 23 38 0 
44 60 84 47 99 87 26 83 46 49 78 6 45 76 51 33 93 100 89 96 67 66 88 88 70 36 69 36 64 68 0 77 1 19 45 87 24 17 35 94 63 0 21 25 67 33 28 21 4 7 12 57 36 75 22 23 51 31 14 78 30 65 79 32 2 35 50 38 17 34 57 22 29 6 78 16 47 93 36 54 62 66 33 93 60 72 21 42 1 67 49 4 55 70 32 81 97 70 35 60 
86 24 22 84 85 69 24 64 7 85 1 31 26 8 22 64 15 32 18 59 5 42 3 94 59 6 54 27 1 63 15 0 98 62 34 30 3 40 73 51 59 74 10 52 31 97 99 4 36 26 60 54 62 60 59 82 58 58 65 46 7 64 2 66 43 5 73 86 32 63 73 68 6 2 49 9 19 82 5 51 50 31 39 90 7 48 20 65 42 64 32 81 83 40 30 8 28 85 57 96 
73 17 86 92 55 77 77 65 75 20 67 74 18 59 21 53 35 81 87 16 20 90 36 66 11 10 67 30 97 29 83 44 66 75 33 15 47 11 40 61 81 90 44 60 62 24 58 69 50 26 79 83 38 16 17 95 33 71 8 46 79 83 30 27 7 28 93 82 85 94 14 8 2 20 77 97 39 1 90 17 55 30 99 54 85 81 59 53 38 68 41 18 68 57 70 79 21 90 48 77 
4 69 64 0 30 61 99 64 65 43 40 73 49 32 99 70 0 79 19 97 63 38 90 100 81 83 98 57 100 83 4 47 34 96 25 65 56 24 68 45 79 95 97 78 60 18 40 73 13 31 13 59 66 100 44 58 4 43 0 45 3 88 96 86 4 1 35 89 67 44 65 36 36 39 14 56 40 57 35 62 0 31 100 2 34 60 89 52 4 95 21 52 20 70 99 89 97 17 90 49 
3 4 77 27 71 4 83 56 54 3 20 87 89 59 11 54 80 21 44 56 39 62 35 65 50 25 19 99 79 55 44 96 21 67 2 8 32 44 32 52 38 54 23 40 36 77 26 82 70 20 12 34 26 15 44 42 17 57 41 74 13 29 67 99 16 100 32 73 95 26 24 97 7 51 84 18 18 18 34 75 0 28 61 98 18 10 83 23 18 79 41 7 8 67 16 70 37 92 37 63 
89 21 36 58 36 59 4 80 78 63 44 51 90 23 64 30 14 100 72 83 61 78 65 5 22 10 79 30 61 83 83 21 83 25 4 51 23 49 41 26 86 15 51 50 71 48 64 47 64 64 61 54 35 50 5 23 57 28 87 39 33 91 100 7 3 91 22 6 94 27 56 64 22 37 80 37 2 8 95 25 3 87 46 62 87 99 24 63 65 89 30 81 25 94 56 14 15 42 99 32 
84 78 35 89 97 62 42 15 12 31 15 32 77 76 35 100 59 3 33 83 76 31 69 7 21 24 57 95 70 16 32 52 1 91 90 25 41 93 79 100 40 37 19 5 61 42 87 44 35 52 9 92 36 55 55 9 74 92 45 47 26 9 48 37 81 23 78 19 93 19 20 42 54 95 40 60 36 66 68 38 27 8 24 42 71 68 9 1 6 22 85 30 31 29 17 72 21 50 27 32 
32 29 66 20 0 94 89 42 77 97 66 63 28 18 74 59 64 10 56 10 81 85 35 93 37 56 27 65 95 67 57 86 34 100 64 80 29 87 1 73 44 43 67 11 0 75 45 47 93 76 78 57 58 34 20 56 33 26 64 63 100 51 67 32 22 86 89 3 13 95 6 32 6 70 61 71 5 18 6 68 11 60 58 43 69 20 61 16 97 2 77 81 31 40 94 43 51 49 46 44 
68 82 25 63 66 70 7 97 1 13 95 100 92 43 9 71 82 86 12 32 21 50 24 14 39 93 99 93 96 76 14 76 91 67 79 51 41 93 12 12 2 75 5 98 96 62 18 90 68 7 8 78 69 2 72 28 15 20 78 86 5 97 87 26 92 87 60 74 15 57 40 80 92 48 95 90 76 9 15 77 33 98 10 58 29 53 40 24 91 9 8 3 37 24 46 9 64 28 21 37 
91 84 71 41 91 77 17 94 78 7 18 21 43 5 71 41 1 63 53 16 96 54 18 57 80 30 1 0 41 15 2 68 2 22 85 52 65 35 45 30 94 77 1 61 88 27 20 96 13 66 6 70 55 12 88 77 86 44 8 74 28 6 72 66 91 75 78 46 17 35 39 23 76 67 58 76 82 53 74 80 60 38 40 46 53 6 60 37 38 78 82 57 40 64 44 18 86 63 5 42 
66 38 55 56 55 70 24 12 42 50 81 27 53 85 9 61 39 79 33 16 14 74 48 30 17 17 2 31 66 29 10 80 53 40 16 46 52 19 63 13 37 23 69 46 93 36 73 82 34 22 12 38 7 29 85 11 72 60 68 44 43 10 64 84 34 72 82 81 7 93 29 16 76 82 50 17 15 54 58 17 43 20 25 89 76 71 78 59 84 3 52 53 92 34 40 87 90 1 47 85 
36 93 47 26 51 56 26 69 7 54 83 55 24 81 78 85 50 10 90 71 58 54 35 17 19 62 70 19 72 0 90 38 3 24 31 76 71 27 25 18 68 25 37 50 62 15 60 73 86 59 12 9 15 10 92 83 82 52 87 21 99 65 21 28 78 65 79 19 78 67 52 43 64 11 55 86 11 14 8 90 51 12 11 49 42 62 74 1 38 94 97 71 16 37 79 41 4 13 77 51 
18 71 53 80 23 30 42 36 53 18 72 6 96 67 65 32 9 36 15 82 82 14 93 70 84 41 93 57 49 63 71 87 17 95 62 55 17 51 63 76 36 1 49 20 72 18 41 84 44 92 88 82 55 1 40 92 28 4 72 25 51 41 22 13 59 18 85 100 14 76 72 73 66 76 61 65 22 61 80 63 99 84 40 3 47 98 63 88 2 20 50 74 13 22 93 42 64 12 61 0 
69 91 49 77 89 87 10 90 97 18 80 0 51 58 60 66 38 17 88 48 87 44 11 2 16 8 15 66 69 41 24 95 43 38 22 49 60 30 47 31 18 56 84 51 35 38 58 21 12 32 41 19 60 12 5 1 43 58 14 69 19 60 20 65 87 74 32 89 7 36 92 76 31 82 63 95 25 11 96 82 44 83 80 39 97 93 19 7 27 42 70 81 90 2 55 95 43 25 79 63 
27 73 43 82 56 32 79 90 51 74 43 18 1 68 46 16 71 6 33 29 90 61 47 82 79 53 46 87 58 19 64 78 84 96 48 39 60 57 5 80 24 25 22 93 97 71 45 40 96 6 96 53 58 0 32 17 55 29 49 75 71 68 49 48 70 57 24 98 74 62 33 17 57 59 33 25 92 62 7 69 39 70 46 37 37 89 50 18 42 87 54 52 65 26 52 29 0 87 80 56 
2 68 99 49 99 49 0 84 96 37 38 39 41 93 49 30 49 8 72 81 5 72 32 17 61 19 63 45 94 18 92 13 1 68 95 93 71 13 42 39 51 65 87 29 22 93 76 28 36 46 59 39 63 79 48 13 39 100 5 10 4 54 41 29 29 7 87 31 4 54 57 63 63 13 33 25 16 22 94 40 60 70 68 52 17 69 78 43 14 22 29 100 1 12 21 53 35 8 86 87 
2 19 66 77 71 20 27 42 25 85 34 24 16 92 76 93 84 9 1 43 5 96 30 65 21 21 76 37 59 1 18 62 48 37 97 58 2 82 81 29 23 60 94 29 45 8 44 25 45 59 12 79 65 16 77 97 85 71 69 50 47 20 55 72 84 39 32 34 48 78 49 61 63 79 52 74 26 16 24 84 57 10 64 49 51 78 81 12 12 75 50 94 20 39 96 12 30 24 3 32 
91 32 0 83 56 62 36 54 9 27 37 26 53 38 8 56 69 45 70 83 61 51 56 29 76 19 27 17 68 54 66 29 88 38 79 18 83 55 42 98 53 78 64 50 70 63 4 4 58 42 74 86 45 39 8 21 31 48 9 32 58 68 25 15 74 61 57 74 62 51 57 6 91 7 73 61 38 100 92 3 5 62 82 55 64 86 94 37 7 27 47 84 88 84 52 15 45 8 82 80 
11 34 36 100 90 81 17 5 44 41 31 62 1 54 96 5 82 14 4 35 19 75 61 36 87 83 58 69 74 87 11 92 77 82 42 85 65 8 40 98 33 28 79 38 87 39 78 33 66 87 2 30 25 61 85 10 39 10 29 8 8 31 55 33 85 96 90 45 22 27 43 90 99 82 14 50 19 54 34 15 34 11 40 0 91 89 99 62 25 19 94 23 48 64 74 66 62 78 13 38 
14 43 98 43 36 72 53 2 34 44 87 86 48 32 38 10 58 57 99 88 10 40 56 50 92 59 49 77 74 15 46 95 44 65 21 61 10 3 3 64 42 18 15 25 64 87 68 31 86 37 24 93 72 51 16 86 19 9 17 31 99 39 71 23 58 26 48 67 11 74 87 59 17 51 60 30 81 33 79 91 57 15 0 10 56 67 39 71 27 33 62 53 83 17 49 15 97 7 55 13 
55 0 71 90 52 89 73 34 39 50 89 63 11 47 29 9 34 83 30 96 90 35 38 73 44 99 81 29 90 26 48 75 69 24 5 90 1 23 40 80 1 23 22 15 39 31 38 83 49 41 83 65 27 62 58 74 69 35 43 51 74 47 23 7 52 91 21 80 24 73 90 51 76 46 12 85 7 52 14 95 11 76 75 62 24 15 23 81 82 1 98 14 73 3 89 92 72 52 27 72 
57 81 80 97 67 1 46 55 0 5 48 88 1 1 93 96 39 44 65 71 94 79 40 40 4 42 72 79 78 10 70 50 40 81 41 63 90 98 85 44 81 34 72 30 25 36 42 56 37 35 13 85 13 25 89 12 46 82 97 11 76 77 32 89 61 88 7 5 28 2 62 42 13 19 7 72 44 66 85 58 74 32 59 8 15 94 58 71 97 97 94 45 53 79 79 65 43 19 25 48 
