100
9 26 7 14 14 44 78 0 89 79 58 19 97 52 22 14 62 44 49 7 10 36 99 35 61 23 36 23 76 46 43 78 12 4 34 92 14 37 48 20 92 16 70 42 86 15 46 41 88 42 34 16 42 53 89 51 40 30 24 4 76 100 1 89 57 1 46 3 25 84 69 75 36 55 78 36 62 71 18 99 48 75 30 98 63 65 44 34 26 19 65 49 96 67 40 9 51 34 74 2 
47 96 39 7 28 40 85 76 30 14 57 58 59 41 51 25 35 65 39 2 87 39 63 56 25 4 45 92 94 14 41 9 35 91 8 89 99 24 26 51 37 48 58 50 3 19 39 91 67 5 87 8 83 20 55 27 96 24 0 69 78 89 72 61 30 11 41 87 81 72 55 20 85 43 33 100 27 25 59 18 3 52 54 77 67 28 8 12 27 0 68 88 31 41 50 28 72 48 36 38 
2 38 67 99 21 27 86 17 98 99 0 26 38 16 62 0 83 9 95 82 19 50 24 50 73 23 6 29 2 34 62 80 12 60 65 7 90 21 74 69 29 60 35 35 86 82 84 41 99 92 88 38 78 19 82 100 1 37 18 76 2 89 11 99 9 11 51 2 23 14 97 15 18 34 59 0 67 78 88 19 86 36 21 2 29 42 20 89 66 50 79 36 99 19 59 85 83 45 78 29 
21 56 88 47 8 1 49 37 27 47 54 3 53 32 76 2 64 68 4 42 5 24 71 60 43 50 3 37 60 38 54 40 71 52 94 35 78 92 96 41 70 36 1 52 87 16 79 56 24 5 33 66 95 57 25 43 45 4 82 53 100 18 22 31 89 68 86 6 41 59 36 65 10 61 14 17 80 48 14 85 38 77 5 65 89 13 42 41 29 23 87 27 57 92 57 80 31 58 29 3 
63 6 54 55 80 27 61 8 2 11 60 44 23 50 71 86 47 52 1 91 89 46 46 40 78 76 63 79 10 62 89 16 86 90 51 92 36 69 90 2 63 84 8 39 32 8 3 27 50 69 100 72 19 76 72 24 99 51 49 56 0 63 79 69 43 30 60 14 25 53 62 17 73 80 40 21 67 38 91 74 88 38 32 28 99 81 0 55 24 66 27 86 85 61 83 35 6 58 30 57 
31 86 30 70 66 93 99 46 54 38 54 65 24 59 90 81 94 67 34 60 33 47 12 35 76 87 65 46 50 54 14 84 85 94 63 2 13 84 26 47 78 10 43 78 63 68 74 97 66 65 16 96 12 16 22 18 42 69 59 57 16 64 99 66 98 1 62 27 2 21 60 18 35 73 31 93 66 49 81 50 68 8 99 86 99 17 21 97 54 69 20 83 52 30 86 78 28 8 1 38 
76 96 93 31 95 43 74 81 51 42 6 2 74 90 30 26 79 88 34 79 23 51 46 73 38 74 79 72 60 86 34 85 36 21 20 76 83 100 48 3 8 93 63 66 20 60 70 35 14 32 29 65 1 62 98 49 36 95 74 60 48 64 95 44 65 63 45 19 39 32 3 29 40 71 42 86 12 15 71 90 8 6 24 45 60 82 78 32 13 87 83 34 35 73 28 62 93 97 100 33 
73 24 23 13 7 26 5 68 68 78 86 4 6 88 97 15 92 63 41 37 15 11 61 3 2 18 21 53 30 59 2 79 52 40 19 49 53 43 49 52 7 75 73 7 39 34 67 18 49 58 40 38 35 24 58 52 90 90 38 58 80 87 94 24 57 79 69 57 54 90 98 28 34 77 93 82 37 42 19 75 43 35 5 75 34 59 35 13 39 52 56 29 34 33 72 12 97 65 88 0 
35 24 97 30 51 27 10 64 56 42 81 66 67 8 24 15 91 30 4 27 72 26 90 47 24 51 52 49 79 70 59 95 2 74 8 42 32 69 32 78 44 46 28 63 0 64 20 97 4 91 78 64 72 24 79 3 71 55 84 74 84 81 50 54 52 2 52 38 10 7 74 82 98 47 96 43 9 31 58 80 12 26 13 57 76 39 89 73 32 28 29 86 92 84 50 76 30 22 83 39 
44 1 5 53 91 72 7 4 14 13 10 86 57 52 32 17 36 57 6 86 58 89 88 21 65 28 74 12 4 1 27 60 92 29 35 3 92 76 61 75 8 57 77 13 2 13 99 60 90 77 3 10 32 79 30 4 69 16 62 0 49 11 91 59 40 55 97 32 59 1 86 91 85 24 95 78 61 98 24 91 3 10 76 18 32 92 59 66 37 26 46 1 59 51 47 1 20 28 45 92 
32 77 74 61 5 80 23 18 38 56 37 18 97 7 41 15 28 42 96 70 19 9 60 77 36 98 21 30 89 76 65 33 55 6 62 76 61 3 94 44 61 4 55 46 65 52 2 10 69 26 48 98 77 15 87 70 61 19 25 48 73 6 17 91 49 34 88 25 31 32 16 89 63 10 55 64 99 21 27 49 51 78 88 51 30 71 22 49 4 12 87 92 59 32 36 67 73 81 95 94 
31 49 41 89 12 39 48 56 78 51 68 49 5 8 86 96 69 72 85 98 32 50 39 3 90 11 90 20 34 7 28 67 82 9 13 72 12 87 75 21 20 34 55 24 3 24 60 27 98 30 89 23 87 44 91 16 33 72 71 7 19 98 37 69 72 69 90 69 2 34 50 27 91 77 88 87 60 43 21 49 34 92 61 91 61 98 35 67 61 44 88 24 62 26 17 67 92 42 78 4 
28 84 64 10 22 34 5 3 14 87 63 54 9 40 51 2 39 38 44 13 69 17 96 8 33 94 65 80 0 47 27 46 57 44 40 89 18 87 57 68 69 1 87 25 70 37 2 18 27 18 4 31 56 40 63 65 82 93 26 70 42 27 9 46 47 80 59 26 27 49 73 42 47 14 36 53 17 86 61 79 94 81 94 42 2 17 26 58 19 41 60 93 49 60 20 22 51 2 64 92 
96 5 78 57 7 33 32 71 39 63 76 83 74 66 48 92 79 14 16 87 23 92 75 53 23 95 27 78 12 62 73 31 40 56 96 58 15 57 55 94 9 75 97 67 7 63 51 98 37 53 89 9 18 78 10 43 36 81 45 58 9 76 89 7 36 90 44 29 13 10 32 52 85 30 67 68 12 28 45 56 43 1 10 9 23 26 79 63 75 40 89 2 57 53 95 19 42 24 10 51 
82 8 48 54 36 94 55 60 13 26 63 10 65 56 87 39 34 32 98 100 38 84 67 67 63 40 74 56 89 21 16 48 48 37 36 14 81 36 54 20 100 72 54 7 96 15 4 20 54 25 15 34 28 95 57 15 26 51 26 54 78 1 55 54 75 74 33 35 74 38 25 61 67 4 99 30 88 66 60 100 63 30 98 94 86 100 17 41 81 6 86 98 68 1 88 59 18 30 76 25 
71 100 68 66 46 99 97 52 62 79 47 38 79 50 56 55 38 55 31 18 98 80 58 74 30 58 67 50 56 46 51 71 87 6 49 75 2 53 47 63 42 15 11 22 9 56 62 39 41 3 7 65 95 8 83 50 52 11 17 13 71 52 1 31 17 17 74 8 52 61 87 31 34 63 53 7 0 25 20 4 65 51 33 36 27 83 2 97 45 71 85 17 40 88 20 74 5 94 16 3 
31 37 77 72 44 42 23 18 58 47 52 25 93 69 23 16 29 56 76 31 24 51 43 99 16 59 44 42 19 53 73 18 84 47 3 49 93 46 15 92 40 58 25 41 64 79 17 42 82 36 96 63 60 22 45 66 46 36 25 67 84 29 24 40 30 24 79 75 16 81 0 4 69 20 65 7 3 14 77 22 59 82 24 47 7 2 24 81 12 72 53 16 38 59 73 55 42 80 5 92 
74 42 63 90 100 74 89 30 67 69 48 3 72 73 4 90 79 92 86 2 46 97 29 62 51 35 5 44 11 79 77 65 30 11 23 49 82 68 30 33 4 37 43 88 66 40 95 27 86 67 56 45 100 92 3 65 74 54 17 44 94 48 14 21 60 43 30 10 42 92 98 73 69 17 24 93 21 26 53 16 69 47 0 38 88 63 72 37 60 27 58 63 9 56 61 61 9 24 54 27 
1 7 31 13 71 91 43 14 69 21 45 78 81 81 53 47 50 37 46 34 46 80 29 90 27 61 88 20 84 95 91 8 28 36 1 92 91 56 68 78 30 40 66 4 90 36 15 94 13 38 72 49 98 26 15 13 22 91 43 70 13 0 17 91 69 33 99 82 78 13 10 19 49 35 87 71 19 91 40 27 2 24 11 34 95 54 38 5 78 19 4 97 29 44 37 35 19 1 43 45 
41 36 77 31 18 37 22 7 66 72 36 66 29 20 71 32 73 5 31 19 84 80 27 9 33 87 75 73 0 72 73 6 45 71 98 3 81 58 35 70 37 76 47 39 30 1 5 67 85 74 66 7 77 21 23 33 87 49 39 46 77 39 72 55 83 77 28 79 0 2 34 73 0 45 31 75 48 67 74 88 4 74 82 6 62 2 67 73 73 52 64 26 67 50 27 66 2 3 93 72 
90 57 0 91 49 38 98 84 60 97 47 56 13 14 100 65 47 22 79 93 25 89 48 50 7 86 29 22 69 28 8 22 98 73 93 9 32 26 7 75 34 5 78 49 13 60 65 13 78 14 67 92 12 99 32 26 86 96 58 26 72 75 62 96 7 9 85 41 2 71 7 56 77 2 43 35 57 60 62 39 91 34 15 60 49 78 21 89 25 79 66 71 32 23 52 56 53 35 98 22 
94 49 34 87 71 65 45 73 18 85 71 98 44 34 39 47 21 95 62 39 98 2 83 80 82 70 82 66 2 25 11 49 55 7 27 56 6 4 68 27 44 87 38 41 16 89 70 97 28 51 8 39 39 82 67 43 69 13 0 84 2 66 97 52 79 39 60 7 7 14 16 95 83 65 53 8 50 19 28 26 82 88 57 85 5 87 54 38 97 9 61 9 5 37 84 21 99 40 3 37 
79 37 27 78 52 34 96 33 82 63 98 30 53 22 82 88 20 7 40 77 98 16 31 86 44 54 47 71 92 32 25 13 73 27 55 12 83 66 75 49 39 46 48 22 95 1 13 72 52 43 34 33 2 21 44 62 42 56 23 31 4 71 31 29 77 87 40 98 21 78 78 85 98 34 23 23 5 72 77 100 6 31 26 72 29 42 30 78 1 77 39 64 100 96 65 2 72 43 0 19 
26 16 60 68 100 71 0 98 54 39 21 32 39 87 75 35 65 69 86 51 88 15 79 84 51 80 25 54 73 2 70 46 72 59 4 54 6 24 60 60 21 11 21 16 83 21 76 39 25 7 76 28 31 78 29 49 5 22 5 96 32 8 72 59 44 24 73 23 45 12 41 15 60 69 76 20 7 11 95 77 25 51 15 24 67 25 71 9 65 70 23 99 5 98 34 76 1 51 8 69 
90 78 31 3 24 79 8 15 88 85 74 91 96 21 21 9 9 23 53 64 47 24 8 46 16 75 98 20 46 19 67 8 52 85 74 81 51 38 24 10 76 91 88 70 35 29 1 96 67 18 60 58 82 63 86 16 92 36 96 92 18 97 54 32 34 48 49 37 20 30 54 26 5 3 85 51 59 1 33 47 82 24 78 28 14 50 89 30 96 2 52 5 5 10 31 83 76 7 53 56 
85 70 50 55 13 4 74 5 37 34 76 57 44 49 55 59 16 20 48 93 27 32 16 58 76 14 41 57 64 37 38 67 65 2 49 71 74 83 80 65 69 58 10 100 25 35 84 81 46 11 6 33 77 18 76 48 88 39 64 95 7 36 38 3 98 12 12 1 96 82 4 95 97 28 46 93 43 7 60 18 60 76 28 95 72 35 60 66 81 43 36 60 22 98 99 78 19 7 23 47 
22 6 22 9 45 6 72 48 97 12 40 40 44 56 76 45 87 95 75 4 67 44 42 46 1 93 85 17 49 34 94 31 47 16 54 71 99 10 2 37 32 47 55 7 26 19 20 9 77 74 0 94 44 16 24 11 75 30 23 31 52 83 70 63 43 79 55 88 40 58 18 9 18 76 23 44 33 40 58 50 88 13 46 54 97 24 19 30 79 88 84 28 18 93 55 91 31 68 6 59 
51 86 98 17 86 57 84 93 7 45 69 88 2 53 44 77 17 17 74 58 25 90 11 68 54 28 45 17 67 26 70 21 86 87 26 7 45 71 48 56 17 11 68 81 96 35 97 7 62 76 72 63 64 42 14 86 20 1 64 32 43 88 35 81 40 98 19 25 86 92 72 87 75 41 26 31 89 31 9 80 54 65 25 38 37 31 44 81 51 37 57 19 88 54 67 68 23 87 83 1 
44 18 61 71 20 40 66 80 85 100 22 45 74 40 11 35 79 11 56 96 35 63 39 31 76 34 93 60 88 9 34 76 7 85 64 99 6 1 7 35 64 71 47 62 17 13 45 43 57 54 22 68 34 21 63 22 76 2 40 37 26 91 19 73 28 62 5 6 45 60 66 21 13 66 87 23 6 12 12 64 33 30 90 22 22 1 5 42 36 14 40 30 22 4 62 73 19 46 41 12 
73 26 37 43 54 88 0 79 6 23 21 56 6 1 80 33 87 62 69 94 84 19 29 44 94 94 24 37 17 24 86 47 29 40 29 62 0 73 85 18 10 35 75 29 64 84 47 81 17 8 24 51 62 89 88 3 65 48 81 87 8 8 47 22 67 41 89 65 90 86 50 75 83 94 31 80 30 98 19 19 42 15 34 60 39 31 43 10 13 26 30 20 13 3 2 9 64 73 84 64 
18 82 68 89 31 61 30 44 23 62 55 68 79 64 76 0 61 93 96 13 89 81 9 9 44 39 7 13 57 47 98 43 7 95 40 31 46 100 49 84 95 73 76 76 26 31 64 56 80 100 66 81 68 86 80 37 94 23 90 90 85 25 64 39 71 29 32 68 64 75 34 60 90 64 2 99 43 58 22 34 25 57 3 86 72 66 72 56 58 59 23 37 24 25 82 74 70 51 65 79 
59 23 10 73 1 50 50 41 43 53 16 69 34 8 4 78 47 1 95 12 58 71 73 49 97 34 66 49 44 34 97 12 96 28 17 34 32 68 1 84 13 72 33 50 52 19 99 97 43 89 41 87 18 78 63 21 38 89 66 57 71 37 55 87 20 42 89 27 60 61 21 23 6 28 41 5 98 5 88 16 34 70 73 6 86 22 75 28 68 24 69 94 88 21 46 57 80 64 23 3 
27 27 100 37 81 96 80 79 1 50 65 15 10 13 29 59 56 85 26 16 92 6 77 1 85 4 3 12 92 52 5 40 27 72 4 5 63 61 10 22 98 74 80 5 17 78 35 56 75 80 7 0 100 88 13 48 27 8 98 46 90 78 40 40 88 21 64 56 49 55 77 74 0 89 31 17 73 81 81 21 97 91 96 52 97 36 98 39 48 23 99 11 73 15 61 50 71 28 65 50 
38 84 60 82 28 75 65 59 95 9 81 64 49 7 18 93 88 80 47 68 27 32 37 26 47 55 67 23 32 93 41 12 55 52 97 67 23 50 83 29 83 54 91 45 28 29 59 33 91 1 87 78 23 43 91 27 84 87 7 2 77 39 73 42 81 12 17 72 19 80 94 44 39 51 31 11 65 49 7 79 65 48 97 72 58 55 84 41 70 3 34 68 31 29 43 1 55 99 65 11 
41 85 50 84 82 18 5 78 50 98 97 34 100 62 38 62 61 36 98 86 64 26 46 69 26 49 95 42 1 82 19 69 7 49 8 60 94 55 85 14 99 84 66 100 69 62 54 0 25 59 19 26 68 9 99 23 17 32 61 53 88 55 86 40 71 66 71 93 78 38 34 33 18 41 55 18 3 53 12 99 22 7 82 75 79 77 85 8 6 24 89 80 6 5 94 60 78 66 58 31 
90 96 18 55 52 54 7 71 3 56 3 90 14 15 65 94 26 25 79 93 90 21 74 6 10 89 99 5 52 16 78 47 13 54 52 16 33 14 13 100 71 64 45 77 0 28 62 76 25 26 24 47 41 98 46 17 65 6 78 7 68 79 86 14 79 69 18 35 46 25 66 35 92 57 93 78 74 52 60 65 43 80 87 68 83 9 61 34 4 90 50 39 90 23 53 1 98 29 25 42 
96 51 61 43 96 31 54 48 14 48 1 63 23 0 72 32 74 91 11 37 22 12 42 56 63 72 98 77 82 50 19 36 37 54 98 51 38 99 92 100 88 85 23 53 62 37 53 20 7 15 47 88 26 96 79 39 24 23 28 2 14 50 43 1 60 61 78 20 91 58 77 56 2 38 18 18 14 20 73 47 26 35 64 3 50 89 37 82 1 5 67 74 51 47 6 31 48 5 51 15 
24 94 62 39 5 96 84 93 20 27 21 30 98 40 20 40 71 98 32 92 60 33 41 5 88 78 14 78 16 77 10 38 93 80 27 67 80 5 62 87 19 95 48 82 90 55 18 43 95 62 19 14 55 6 68 30 5 35 57 31 33 24 24 91 51 47 18 86 55 1 58 28 20 59 80 70 8 73 7 31 39 62 6 52 36 46 68 0 44 56 14 50 31 9 38 25 70 42 32 54 
100 64 20 80 79 29 28 75 40 36 97 75 82 11 97 32 30 23 18 46 55 8 26 8 60 88 10 72 45 13 21 24 100 42 45 50 0 61 27 17 18 56 41 33 68 94 4 96 14 34 3 57 50 47 10 2 94 93 6 77 16 25 19 39 64 20 31 98 12 22 36 74 68 91 56 27 2 96 26 20 0 53 38 45 63 100 23 44 98 39 79 21 8 86 41 89 66 77 95 14 
48 41 95 46 94 24 46 98 60 17 52 30 79 35 9 51 90 94 89 26 14 80 39 33 89 32 70 53 27 0 38 53 18 47 13 5 95 19 77 18 27 5 14 100 1 29 54 27 38 60 58 98 53 45 49 77 66 90 26 19 48 88 14 0 16 29 82 93 57 76 57 98 7 21 54 90 45 21 52 52 30 45 4 35 40 60 83 89 36 99 100 61 91 100 78 91 4 46 71 73 
65 74 14 63 15 42 20 56 20 51 31 71 100 7 40 95 41 61 93 14 78 58 4 93 41 35 56 63 92 91 21 70 77 31 54 29 69 89 47 70 43 31 79 92 99 99 46 34 24 88 60 73 71 70 91 95 64 88 38 35 24 38 8 45 1 0 94 93 23 98 49 68 50 20 41 23 45 96 82 50 83 52 100 16 68 5 23 6 84 15 59 38 83 98 66 73 28 59 14 8 
24 8 94 2 31 36 55 97 16 20 21 38 56 97 29 91 30 83 58 62 6 71 70 30 85 62 33 84 94 65 84 79 100 30 2 20 7 9 3 4 62 10 89 89 78 62 70 45 39 35 66 95 72 88 42 26 7 14 94 2 69 24 19 87 90 62 18 98 50 74 86 87 71 49 20 95 59 53 1 73 84 40 96 6 57 78 47 89 41 51 91 12 63 55 52 85 24 75 43 78 
55 34 47 74 34 92 75 27 4 69 51 51 16 47 24 41 42 34 47 60 89 71 13 8 31 81 2 37 88 40 26 88 5 74 81 87 25 37 96 74 10 33 93 13 68 64 64 38 89 44 63 55 55 89 45 81 10 37 54 94 91 45 30 39 52 67 80 53 94 13 47 46 64 61 0 41 59 45 83 22 93 72 78 54 42 76 92 6 28 8 90 12 33 22 54 12 93 73 100 31 
10 38 35 68 33 48 56 52 51 15 43 87 41 54 62 98 26 50 40 14 3 0 27 11 68 20 11 70 49 69 86 87 94 86 18 48 33 15 96 67 93 43 32 93 58 84 90 29 79 58 93 32 35 60 13 72 63 1 51 16 61 29 41 31 89 2 93 4 16 31 6 85 71 72 5 17 74 57 38 16 17 33 86 15 28 10 72 36 1 15 3 55 75 65 72 10 54 81 95 27 
12 32 62 77 19 31 56 73 37 29 89 42 29 25 38 44 66 57 100 67 36 100 12 98 4 53 33 20 4 72 13 75 14 93 11 96 97 80 89 74 38 24 66 81 71 42 81 68 66 55 24 60 19 65 100 28 24 18 24 13 27 98 33 30 81 21 35 81 64 79 46 60 67 3 57 85 57 7 38 92 97 12 36 71 31 64 27 87 30 57 60 23 65 67 6 93 74 8 74 35 
65 33 96 53 51 6 51 22 61 89 91 62 60 1 84 80 11 26 25 63 69 99 48 30 32 64 10 39 37 38 14 83 87 21 87 30 42 11 72 55 82 70 12 34 39 46 94 80 65 20 93 94 77 24 53 62 57 72 47 63 4 3 60 76 44 77 78 97 96 74 69 21 31 34 2 36 21 36 75 1 3 92 19 37 15 24 30 49 23 33 12 25 3 48 47 79 11 83 25 83 
58 90 73 33 68 85 28 7 28 71 17 66 61 14 11 37 50 83 51 15 43 94 2 57 96 96 72 25 72 35 94 72 0 33 70 68 88 77 82 82 5 27 68 9 87 63 52 49 24 20 77 62 74 24 17 57 36 51 90 30 85 43 32 35 41 57 9 76 46 16 50 83 18 93 19 81 89 71 9 84 88 26 29 6 11 31 59 9 14 98 90 11 61 21 24 53 48 98 85 85 
42 34 29 25 81 18 27 10 88 31 16 50 0 37 74 1 39 45 23 51 13 12 77 34 44 85 69 88 54 38 36 72 13 95 44 97 87 38 91 41 74 37 47 9 97 15 25 60 69 90 72 3 95 98 3 41 61 61 87 60 55 31 64 61 0 47 97 83 92 20 69 88 53 54 85 39 18 13 71 59 38 14 51 88 80 90 79 95 36 40 50 72 25 7 13 67 56 28 74 8 
45 71 11 100 87 37 7 10 72 99 72 51 15 12 29 75 59 51 48 88 27 55 74 82 74 48 36 64 60 91 84 10 2 20 71 61 52 11 5 38 28 99 9 22 66 39 100 26 69 91 73 64 87 24 80 74 3 1 27 51 39 46 6 9 85 90 59 15 52 17 50 75 62 50 7 50 57 5 39 95 84 45 59 12 10 41 45 13 7 98 100 40 87 5 57 26 60 85 34 100 
33 28 37 88 44 74 97 72 56 96 91 48 24 72 72 3 10 27 85 81 73 70 97 81 24 56 19 16 46 86 58 97 26 46 44 13 64 95 6 46 25 68 35 67 93 80 70 77 68 63 38 11 7 8 81 12 76 68 2 54 42 58 38 81 20 73 29 55 18 2 17 6 4 79 22 57 82 100 68 10 76 75 13 80 83 7 60 79 34 88 53 22 78 0 99 16 4 27 63 43 
82 72 9 51 84 61 26 5 19 100 27 57 90 2 12 73 91 29 90 70 49 17 42 87 37 50 98 75 50 71 98 80 79 54 23 51 43 19 15 45 84 73 15 31 87 1 50 46 18 29 82 56 98 6 53 27 79 68 6 14 88 27 77 76 55 8 46 100 76 15 57 2 30 60 56 10 92 17 63 40 97 31 98 80 47 73 63 5 11 6 91 44 3 46 46 27 19 47 55 5 
57 14 12 61 8 13 7 77 67 78 28 35 84 63 1 49 12 41 61 39 81 87 14 19 12 51 45 86 45 76 100 59 7 51 24 86 58 35 0 46 20 88 48 66 85 20 2 89 90 32 31 15 23 80 62 30 29 10 36 41 12 94 19 94 32 94 48 99 12 8 0 8 32 37 91 65 52 81 25 57 9 43 67 59 98 35 48 70 38 23 50 40 80 24 0 6 23 51 17 46 
26 51 86 4 36 60 62 50 63 11 88 19 18 13 89 40 25 27 47 81 39 1 58 98 53 70 45 72 11 9 7 2 17 94 84 64 95 5 83 92 86 8 7 15 8 99 11 81 5 68 39 96 44 32 53 57 76 13 90 67 30 81 1 10 69 26 11 23 28 70 8 89 36 11 6 4 98 57 59 86 75 2 4 38 81 32 40 27 25 89 40 5 26 36 68 69 24 54 15 6 
70 18 20 21 10 19 8 80 73 60 84 61 16 5 71 93 45 4 78 90 16 95 40 18 14 37 8 58 52 73 60 88 12 19 80 83 98 91 30 24 81 38 16 21 38 95 12 65 36 39 77 49 67 68 45 55 72 71 28 43 10 13 86 31 27 43 63 22 78 97 58 28 23 24 25 51 8 60 19 77 78 42 87 26 19 26 4 27 41 71 93 29 8 78 19 49 35 32 37 27 
66 100 70 69 75 54 94 5 17 25 28 87 97 21 82 64 7 35 10 40 25 86 67 63 76 72 51 0 25 29 84 57 71 43 31 17 78 33 26 8 93 53 66 100 89 57 4 20 56 15 88 86 96 23 97 59 5 54 14 35 0 24 75 23 35 7 39 4 34 68 23 9 65 83 75 68 76 73 49 35 39 38 79 7 39 48 11 45 100 93 2 52 33 33 85 22 39 54 67 38 
2 70 40 26 2 38 45 35 26 9 49 48 100 66 100 49 42 15 76 17 77 77 1 53 10 62 94 21 67 22 48 77 23 76 70 36 95 78 67 92 33 6 48 50 93 16 99 92 76 19 54 56 81 78 98 62 65 44 95 54 24 90 73 35 27 0 87 7 37 38 80 77 93 66 44 18 33 71 100 5 67 31 18 53 1 58 94 76 24 60 46 67 10 71 24 53 83 97 33 68 
17 53 26 20 82 2 74 27 5 75 13 81 45 50 37 70 98 48 83 69 47 90 3 34 18 90 45 42 4 53 77 57 44 65 6 100 24 76 52 6 18 59 99 25 79 78 76 37 100 28 48 8 77 86 34 11 72 90 22 36 32 28 23 96 76 20 67 39 69 73 53 11 61 41 74 10 23 29 23 55 50 3 1 78 25 3 98 98 49 13 46 72 65 82 88 77 65 94 47 98 
24 61 99 67 83 68 1 41 19 53 95 4 95 0 90 38 95 55 52 42 58 7 12 80 14 89 82 59 95 81 12 53 21 99 66 66 55 76 63 70 6 39 26 82 16 54 59 42 81 55 66 41 35 100 61 47 18 26 73 16 46 69 49 45 84 69 86 29 43 70 15 8 53 65 27 95 77 63 62 1 13 91 16 25 74 29 48 42 3 75 19 48 75 86 18 46 29 94 98 91 
59 49 90 50 70 23 53 77 98 54 54 66 61 92 49 41 92 52 63 80 37 84 8 79 30 23 69 35 63 25 10 5 39 47 3 75 9 54 62 87 12 14 91 41 48 95 50 47 12 26 57 78 87 49 93 45 68 82 66 24 18 92 27 48 67 22 38 83 11 22 60 99 14 27 34 1 58 14 84 83 82 67 82 48 89 38 49 11 65 13 8 100 86 76 19 71 76 27 17 51 
54 84 8 8 78 42 77 50 90 3 27 60 93 48 94 46 83 65 52 55 90 78 55 85 81 8 83 83 64 80 72 60 62 66 66 28 67 17 100 10 7 26 52 56 32 47 93 65 47 57 28 75 47 58 80 19 21 89 95 77 37 48 75 27 28 97 100 51 97 2 44 57 52 64 42 64 9 66 85 57 91 86 43 45 49 75 79 78 97 21 57 58 32 25 63 71 62 6 15 26 
47 88 85 77 3 97 3 1 93 44 78 52 63 10 43 5 69 71 74 82 52 68 97 57 83 39 73 59 84 41 44 85 2 40 39 25 27 10 39 55 78 87 27 100 72 64 87 21 91 26 80 43 2 47 22 73 56 86 32 94 87 62 41 28 41 97 16 74 91 4 63 39 4 6 1 23 82 8 70 73 73 15 71 23 79 37 52 20 10 23 28 81 19 17 30 14 62 98 85 27 
74 91 27 78 38 24 5 54 26 62 70 65 81 34 52 87 81 18 13 36 86 22 7 29 46 42 29 83 27 8 15 41 39 74 37 23 60 71 60 56 99 35 20 15 60 3 48 76 52 87 77 86 69 88 94 73 44 44 69 99 64 18 83 14 96 85 52 40 5 86 17 10 17 21 59 24 78 51 83 37 64 95 3 46 82 6 39 1 60 64 58 84 62 67 7 40 20 54 39 75 
87 56 59 63 0 1 25 47 75 13 30 20 59 98 40 63 96 13 87 100 43 95 90 41 76 15 57 14 50 5 7 86 78 97 90 79 41 16 97 23 47 21 65 69 36 10 42 67 6 55 25 9 24 36 25 32 67 51 15 68 90 45 31 47 3 100 40 67 41 34 28 5 50 43 65 0 7 61 59 85 54 71 4 42 81 44 4 56 75 7 54 34 73 22 10 68 69 96 32 17 
63 0 48 68 77 69 98 53 88 80 99 41 75 38 61 78 14 33 96 68 43 2 6 84 20 49 82 60 83 6 78 22 50 87 61 3 98 70 5 97 86 100 60 60 83 12 64 34 43 77 1 92 40 19 53 47 35 93 97 73 19 66 60 81 80 23 0 84 90 67 18 52 44 82 11 91 84 74 43 63 85 7 81 36 24 89 17 87 79 81 41 11 72 13 100 22 80 100 79 80 
52 49 13 84 87 18 46 51 31 97 61 32 39 59 32 19 48 25 43 14 28 98 27 9 45 57 27 28 11 51 76 16 31 97 28 50 97 31 51 0 59 77 66 32 8 78 90 31 54 66 61 35 70 30 92 22 57 39 24 67 17 27 56 4 68 59 44 12 26 86 12 82 94 61 70 25 10 73 43 87 66 38 61 54 66 37 40 21 98 41 17 13 100 34 62 50 23 89 48 10 
28 63 10 92 53 64 72 41 28 52 77 13 11 98 70 70 75 67 26 46 44 21 93 32 16 97 5 14 22 98 86 0 27 2 51 26 33 91 31 26 65 84 87 7 40 33 97 28 40 37 5 18 24 67 27 38 8 82 80 88 10 54 50 16 16 91 62 6 81 18 66 14 32 49 63 49 96 29 15 9 95 25 70 59 59 8 68 33 62 73 2 69 84 99 21 54 4 83 99 82 
32 11 74 80 45 32 51 30 68 35 73 10 9 11 50 29 34 62 42 70 35 56 17 99 16 93 100 31 100 37 54 10 49 32 79 97 2 76 91 12 85 38 18 49 56 32 29 47 53 51 90 47 52 87 46 16 30 4 84 35 38 28 17 80 97 51 39 87 60 82 90 83 7 62 92 50 21 84 45 21 43 19 0 55 100 55 38 87 27 71 10 81 70 30 45 1 75 46 30 21 
29 8 38 85 35 11 48 95 61 21 30 98 66 8 20 30 74 89 67 59 16 49 41 39 44 20 89 87 20 3 1 49 51 74 48 43 57 26 33 89 90 13 72 25 33 67 89 59 43 97 31 35 68 64 62 29 38 92 85 88 6 63 34 79 8 99 3 10 12 28 96 40 34 62 66 54 91 66 1 18 78 66 21 46 76 89 85 50 1 94 61 22 54 86 99 66 70 16 79 51 
63 16 88 64 50 67 46 61 78 55 59 30 30 77 74 91 38 51 12 60 67 35 45 68 18 69 69 3 59 64 7 42 74 88 62 5 93 2 17 35 69 81 51 9 53 24 28 37 64 100 38 8 69 84 72 39 93 34 6 28 15 94 13 86 35 44 34 17 74 59 63 4 73 54 84 33 14 61 97 79 49 65 27 79 69 53 17 64 60 9 5 40 92 14 49 69 97 99 94 29 
47 41 35 53 93 94 9 97 51 96 56 23 71 25 92 29 26 26 24 25 41 78 77 3 97 82 76 31 19 84 62 88 52 13 24 77 21 71 71 59 59 100 22 48 0 27 77 84 46 91 76 3 4 70 51 11 67 23 94 85 81 17 47 29 57 84 45 12 46 64 26 23 46 43 22 65 97 98 57 67 46 2 3 35 40 98 15 82 99 10 83 22 70 48 7 72 99 90 24 52 
31 75 37 29 5 57 36 35 59 70 40 66 13 52 54 67 45 53 47 76 97 87 95 50 49 9 58 90 3 100 40 26 35 87 11 22 61 41 40 55 74 74 38 48 50 0 10 86 50 22 86 62 29 41 2 86 33 70 17 51 49 10 80 53 6 17 48 93 18 86 5 33 25 59 63 24 74 82 81 94 10 0 1 99 43 35 75 88 57 76 95 27 90 65 58 57 88 66 15 65 
56 96 29 50 15 30 89 57 55 60 86 1 98 34 95 91 88 17 80 13 76 58 57 24 18 78 71 66 100 69 76 13 51 48 74 67 66 40 36 8 40 72 94 50 51 4 42 37 71 22 77 59 83 37 78 95 85 64 36 16 10 41 34 15 53 51 42 1 53 66 13 78 41 57 32 45 0 61 37 37 26 58 53 77 74 47 31 84 54 85 13 87 26 79 15 82 23 86 61 98 
70 22 4 13 73 81 19 20 83 2 76 71 44 64 76 1 70 81 36 40 3 74 13 66 30 72 30 87 26 45 70 23 44 59 24 52 65 86 32 81 100 97 0 21 86 36 25 23 95 46 17 3 70 21 45 15 69 76 53 79 65 28 100 49 72 50 3 34 29 43 96 84 57 45 45 32 15 71 73 16 53 42 1 17 14 20 26 62 54 97 45 57 86 78 52 40 65 7 66 50 
21 81 90 86 42 1 12 25 77 26 49 23 85 91 63 46 1 23 25 62 0 8 85 80 6 62 10 71 3 34 92 23 12 73 92 83 45 71 99 69 60 17 31 43 77 7 76 87 21 38 12 24 7 76 40 40 3 99 24 78 27 1 8 25 55 66 44 12 81 68 2 24 83 15 12 69 54 32 33 41 20 93 49 55 61 48 39 22 35 62 81 32 44 17 47 74 48 50 59 23 
98 29 23 12 75 98 7 40 75 99 5 88 4 98 66 5 99 49 56 13 48 39 38 75 66 84 85 37 60 44 42 93 7 26 67 32 26 10 69 31 92 62 32 82 61 53 75 5 22 44 68 94 70 23 33 48 83 68 71 27 72 43 11 6 88 1 82 43 93 44 20 32 91 72 3 38 23 45 69 71 98 76 55 33 91 6 28 89 35 32 76 94 36 27 66 80 19 58 23 38 
92 7 64 58 8 89 40 52 94 20 97 13 23 24 0 6 9 10 54 90 41 17 43 44 64 77 42 96 64 95 47 16 53 8 71 36 60 80 49 79 90 37 58 29 23 95 34 79 41 88 35 69 69 1 16 68 79 31 32 6 77 33 69 10 32 72 94 63 95 92 0 5 98 60 18 73 82 83 90 62 15 19 65 60 64 87 76 55 17 20 67 91 0 91 38 0 88 65 22 75 
25 36 53 26 19 22 71 47 48 67 0 5 31 32 4 18 22 69 74 100 89 12 11 82 63 92 76 27 47 31 59 51 16 79 39 24 57 90 90 86 34 46 7 72 88 69 97 28 75 66 94 76 57 54 91 98 92 39 83 52 95 10 30 66 8 5 8 20 38 12 58 19 76 29 50 4 12 28 21 86 87 33 95 61 59 73 19 24 39 17 87 56 86 5 1 94 63 85 0 48 
50 30 57 47 100 21 62 36 90 57 27 55 60 64 53 35 31 90 28 17 7 78 47 95 92 75 16 91 79 31 71 79 92 55 89 81 36 88 89 19 15 26 32 29 3 29 91 3 36 95 82 45 90 35 73 87 49 36 20 25 45 75 66 17 91 85 71 0 28 21 26 24 17 57 89 10 0 25 91 40 52 65 73 57 57 57 0 27 45 10 22 50 45 36 32 86 17 6 12 72 
35 93 14 85 6 70 78 86 19 98 9 0 12 9 60 74 74 18 88 75 88 31 71 73 97 72 22 83 71 91 91 12 82 54 53 24 36 55 1 54 84 16 49 87 23 36 39 73 55 59 8 18 61 35 25 84 65 19 48 13 63 71 67 69 99 93 89 14 59 52 91 27 90 31 17 48 46 0 78 66 34 15 37 11 45 31 41 28 40 97 8 73 62 93 11 12 97 33 71 61 
43 26 53 55 33 26 66 24 14 84 78 71 52 46 55 82 49 59 68 94 15 2 9 3 8 5 90 70 34 81 96 86 25 17 25 89 92 26 6 62 74 70 54 97 73 88 29 63 84 43 83 19 65 71 12 39 99 72 79 9 92 21 75 78 1 9 66 18 93 20 98 38 73 32 2 52 20 30 47 82 29 55 28 74 53 73 73 17 57 57 6 52 69 19 10 99 93 16 15 87 
38 4 45 94 99 73 57 74 30 85 83 8 35 21 86 37 25 61 15 9 51 28 100 47 17 34 51 88 66 82 26 68 27 87 68 90 25 6 20 80 55 88 70 21 10 76 4 72 44 65 86 93 77 82 79 56 8 90 61 89 14 36 1 58 5 22 78 60 56 26 4 31 69 23 92 73 19 61 59 52 24 100 4 34 100 57 78 78 35 19 52 92 44 83 56 66 41 36 90 19 
5 63 31 40 40 88 31 22 55 39 61 23 44 10 93 5 85 41 21 14 82 9 23 68 19 26 73 15 6 56 18 70 61 97 78 21 71 40 76 31 67 15 91 56 59 41 18 100 69 46 50 90 82 7 94 1 33 31 86 24 98 68 85 20 96 51 43 11 13 92 15 42 74 54 53 33 75 43 97 38 3 33 38 12 94 16 81 14 19 75 84 54 73 62 12 83 37 76 23 19 
99 7 87 54 97 35 91 20 31 76 1 54 97 77 31 47 32 45 40 17 53 25 38 48 100 94 70 46 43 70 70 22 4 27 73 3 84 96 2 96 49 6 98 9 82 7 56 40 28 70 96 28 42 32 55 31 5 15 28 6 0 89 83 80 90 19 86 74 40 19 35 49 96 57 21 28 52 5 62 38 69 4 65 8 89 82 55 74 56 0 65 47 62 57 61 6 5 42 2 52 
40 59 51 55 32 67 88 57 57 76 23 82 79 55 66 0 41 86 40 85 50 17 57 1 86 36 57 89 95 92 70 59 61 73 90 56 99 17 81 73 15 14 99 70 19 93 64 6 74 100 47 95 68 56 29 6 99 70 32 94 91 32 97 66 62 76 76 51 82 23 78 0 17 87 68 70 86 29 97 32 4 98 28 40 49 44 66 77 97 45 30 1 8 19 69 44 46 96 42 33 
50 68 2 14 11 4 37 31 24 23 22 49 36 98 14 36 58 47 41 30 35 55 76 62 10 46 42 46 0 97 19 42 18 41 48 79 2 52 94 2 100 90 28 0 27 43 17 23 50 51 45 92 26 4 62 93 94 74 22 40 58 37 3 52 39 99 45 5 78 56 36 30 43 2 92 67 8 14 20 57 15 40 58 16 7 59 63 40 92 11 58 15 33 98 16 9 99 77 68 9 
14 63 14 0 47 96 36 18 54 73 85 4 51 16 19 54 75 39 78 16 31 36 4 37 41 40 3 16 77 63 63 87 71 72 90 98 71 2 89 29 20 27 98 28 18 23 59 13 96 72 87 5 74 32 17 32 12 74 95 57 45 52 70 33 78 89 92 61 35 29 48 65 79 87 84 77 86 38 22 81 37 97 38 60 28 93 56 91 46 23 98 40 9 37 28 96 97 31 1 56 
24 72 79 37 2 76 23 53 99 19 2 5 36 10 19 0 41 48 26 5 0 12 90 77 13 99 69 10 40 20 97 60 46 7 84 51 34 78 91 100 9 50 80 68 58 57 26 20 80 66 50 4 60 71 30 15 47 45 95 61 10 36 7 34 100 38 34 2 42 79 85 57 93 4 10 55 11 51 52 34 75 7 26 49 65 98 0 17 25 6 99 37 37 72 33 97 75 13 26 0 
85 34 16 8 13 51 81 44 31 10 45 29 91 43 83 76 58 49 9 70 22 7 77 3 6 23 82 43 56 95 6 25 1 34 92 88 30 13 97 47 10 9 1 4 16 38 24 87 9 72 90 73 37 7 72 75 74 90 15 45 61 6 51 70 4 6 82 31 95 63 95 48 57 82 33 40 45 5 72 97 15 40 69 95 2 91 86 82 54 83 62 26 45 26 69 18 93 15 42 85 
36 65 84 42 4 64 17 32 4 57 49 61 2 75 14 88 14 78 68 20 75 30 61 49 54 82 43 48 47 38 97 35 90 53 66 53 30 61 38 86 60 67 71 35 96 66 61 60 34 71 24 59 33 6 49 34 71 68 74 83 64 8 3 38 67 38 87 26 97 85 69 3 10 34 8 53 62 37 95 1 71 63 10 91 85 99 85 84 83 43 64 37 99 22 37 5 64 29 52 11 
8 87 43 75 62 36 96 67 41 54 30 14 27 15 72 8 12 97 39 12 42 63 6 29 72 32 63 30 77 66 27 49 100 51 51 84 41 31 43 63 86 12 74 29 27 84 23 69 43 49 34 48 52 30 54 14 11 3 58 20 83 60 55 39 72 48 64 26 69 72 88 18 61 81 87 29 14 1 74 92 86 20 47 12 5 89 62 4 79 95 40 9 66 70 6 5 74 21 78 27 
57 76 3 14 4 73 71 39 84 40 31 73 96 31 93 73 90 59 32 93 73 32 36 98 72 67 43 88 80 14 70 7 65 68 78 66 97 75 6 96 6 96 54 26 66 50 10 78 25 30 70 31 27 3 68 56 56 82 73 3 77 87 99 86 20 28 31 50 59 17 43 48 76 99 13 43 23 57 8 45 58 55 83 51 79 39 25 27 51 3 7 74 11 43 79 35 54 41 3 78 
56 0 11 84 6 17 15 76 90 96 33 18 49 95 83 99 93 55 23 19 95 69 59 70 55 4 73 14 90 59 78 7 24 74 10 35 90 57 25 96 30 18 53 97 28 93 25 0 74 87 58 12 90 93 59 50 38 48 14 78 32 84 85 45 69 99 77 86 24 91 68 10 82 28 64 64 29 96 73 30 59 68 94 24 45 74 12 23 91 54 62 22 75 86 27 31 10 96 15 18 
60 83 14 73 97 84 87 70 7 8 43 8 53 6 33 60 6 46 0 89 84 31 39 54 4 70 29 22 13 89 13 86 36 93 26 83 80 15 64 36 82 83 48 60 5 39 89 76 54 65 34 93 32 6 68 50 45 80 87 99 81 58 36 66 87 32 37 90 12 0 23 39 79 52 56 44 48 5 25 71 15 83 44 28 64 61 34 72 11 37 42 100 18 44 64 62 22 77 58 33 
40 16 14 9 45 85 82 67 14 45 7 42 100 74 48 38 34 97 97 77 53 45 42 56 44 56 14 48 48 69 28 87 72 69 68 61 92 17 2 84 66 58 47 96 5 60 80 100 58 41 48 65 57 100 33 45 92 96 27 98 60 89 66 100 12 9 86 6 36 94 83 97 64 69 15 39 70 21 66 46 2 25 7 89 13 21 55 82 19 21 27 35 45 95 1 83 65 93 48 55 
75 22 91 86 39 83 74 34 19 98 33 52 24 38 75 29 81 66 63 37 32 17 48 85 72 26 16 67 65 99 61 100 51 94 67 3 38 86 100 39 31 98 12 79 19 28 5 48 77 13 100 77 4 4 17 99 99 17 91 16 74 42 11 61 33 47 73 84 76 55 4 82 4 8 37 48 100 0 62 53 44 38 27 99 36 28 78 95 34 80 11 87 22 7 11 12 49 34 42 47 
13 37 25 30 86 11 44 62 61 77 5 100 16 93 96 7 30 82 63 63 65 50 65 50 57 95 41 13 51 98 55 78 50 82 26 8 59 11 73 38 100 9 92 90 75 67 57 53 58 14 6 18 71 2 31 43 67 49 62 76 82 31 38 37 31 98 94 9 99 7 98 16 68 93 0 63 37 75 70 32 50 48 5 89 23 2 3 21 83 32 73 53 78 24 79 2 28 50 39 51 
16 64 18 40 90 9 24 72 45 68 36 79 49 94 100 26 72 84 66 30 79 49 86 53 10 32 51 76 12 7 56 67 71 52 72 12 74 46 5 82 0 33 75 29 26 34 66 55 15 73 17 63 11 34 47 12 42 32 4 15 84 9 18 12 89 99 98 60 100 14 43 96 85 36 95 54 96 53 76 67 47 78 94 91 26 8 18 77 28 23 66 74 41 42 69 28 13 78 48 25 
48 73 71 18 12 26 7 87 12 94 56 80 78 85 43 44 67 68 55 33 4 1 75 94 69 48 19 98 10 1 57 16 53 83 51 93 52 87 72 48 19 56 58 11 29 75 63 60 3 8 21 11 54 98 78 21 94 86 86 98 82 6 83 27 51 75 67 74 46 83 62 40 41 100 28 31 54 38 94 96 52 83 23 36 38 7 8 50 71 73 73 65 79 64 65 60 6 83 87 74 
88 13 42 37 49 86 79 7 42 72 95 25 23 5 31 44 69 24 16 54 68 71 49 1 88 83 100 80 97 43 88 99 51 62 36 35 52 48 94 80 77 97 58 1 48 91 0 31 49 76 88 7 99 14 35 51 29 40 56 52 55 62 41 13 98 90 2 47 49 64 47 69 76 14 92 37 22 25 65 28 60 11 78 48 15 81 81 100 75 61 68 23 31 35 46 5 43 94 25 50 
20 26 73 52 92 62 51 79 1 84 71 82 19 78 33 34 27 79 25 72 30 95 97 99 100 88 67 20 20 52 69 53 62 75 95 44 84 57 79 79 70 69 59 6 51 29 3 27 46 47 24 4 23 84 53 64 81 43 94 44 73 80 70 86 57 75 8 63 32 99 94 23 51 30 82 86 0 41 85 96 65 98 55 62 0 39 92 18 21 19 54 73 18 73 96 25 40 82 32 4 
