6033202 4331055
3131646 9014165
6223156 514675
1300787 6383008
8877322 3589231
8564538 3963084
8052285 5208684
2077038 9012089
4563567 8484266
7181057 1503543
8913133 559482
5978534 1108930
8615400 288218
3442008 2448296
1467732 5191038
1674294 2344669
4446619 4178815
2419059 6402038
9488531 197566
7809220 8083252
7778599 9898887
2912628 6908236
9780555 8308325
2826301 5723878
9749415 8099860
9601846 6613617
5083432 1113428
9055166 1372755
290467 883338
536819 8769543
8143802 1235912
2949131 6015210
5463513 4185216
3107426 7513044
9821902 5511434
4813206 2277545
7301984 8777501
4712693 6525041
6373320 5575444
7441768 556022
4846595 3227834
3442527 838531
3025770 2805022
4487447 5210414
1783111 7659748
2423730 3656182
3558956 2413523
5123222 98264
3228180 5722840
8571458 1728616
1020008 3579543
2950688 7887589
2779418 7541243
2948958 7954540
806526 8992021
5028764 6416397
3903572 1003400
8734770 2281870
3127667 4748677
5286015 3538369
5482197 3042205
7502837 4155979
2704509 6432832
939217 5618867
3536985 1717371
7186247 5134813
3228872 8750859
6400654 4960602
8602771 618648
1622567 5046237
4607509 8204698
1236777 7829807
2711429 6206721
7895547 4346625
3804962 7699711
1422406 3469342
4277771 1957495
722621 3123169
3237868 8428041
6747000 5502784
8987696 1256499
2309031 6395291
8789784 6399789
8789784 5055579
4422053 5152113
1575684 1338847
4901609 9155852
5831311 9951652
5738237 315206
6894050 4304240
7339006 8604155
5627171 3167111
9205157 992674
1566515 5745676
433884 2206961
3740087 7782751
5962445 6915502
3117287 4010140
6139078 6154475
7333470 853928