42662396 85324792
95990391 74659193
42662396 42662396
74659193 10665599
21331198 74659193
74659193 85324792
21331198 85324792
85324792 31996797
53327995 42662396
42662396 42662396
63993594 95990391
74659193 95990391
53327995 63993594
42662396 53327995
10665599 42662396
10665599 85324792
42662396 85324792
42662396 95990391
31996797 42662396
21331198 53327995
53327995 10665599
63993594 42662396
21331198 63993594
95990391 10665599
85324792 42662396
74659193 10665599
42662396 63993594
42662396 21331198
10665599 31996797
85324792 31996797
95990391 74659193
31996797 21331198
53327995 31996797
53327995 95990391
74659193 10665599
63993594 31996797
31996797 10665599
85324792 10665599
10665599 53327995
21331198 74659193
95990391 21331198
85324792 42662396
21331198 21331198
85324792 42662396
74659193 53327995
53327995 21331198
85324792 31996797
53327995 31996797
10665599 31996797
10665599 63993594
63993594 42662396
95990391 21331198
31996797 74659193
85324792 10665599
42662396 95990391
31996797 74659193
42662396 74659193
85324792 42662396
21331198 42662396
31996797 53327995
53327995 63993594
85324792 42662396
74659193 31996797
74659193 63993594
42662396 42662396
42662396 21331198
42662396 21331198
95990391 31996797
63993594 42662396
10665599 85324792
21331198 42662396
31996797 74659193
10665599 74659193
53327995 95990391
63993594 74659193
63993594 85324792
10665599 31996797
31996797 74659193
42662396 42662396
95990391 63993594
31996797 63993594
53327995 63993594
21331198 42662396
63993594 21331198
63993594 63993594
10665599 10665599
42662396 63993594
21331198 74659193
85324792 10665599
53327995 42662396
21331198 31996797
21331198 74659193
42662396 10665599
63993594 10665599
21331198 53327995
53327995 31996797
42662396 74659193
31996797 95990391
31996797 53327995
85324792 85324792