71084832 98612303
90084727 40131684
50945757 91508702
57772700 25029412
58594537 33312878
48024574 21139926
31050792 42963360
26876511 34606661
53671652 48488383
44379198 10635059
78733612 64119560
12311281 18088551
23784451 43939800
89612781 36632774
62093447 86504447
13963092 16412329
39073874 92444457
81890768 46429722
8112589 95886408
20261130 40685000
97334794 36583952
10106154 41514974
46332078 46071694
39025052 69636446
72183327 8413658
64550821 58724729
69587624 64192793
85511733 79319476
7575547 11188375
44574486 88375957
72378615 30123174
45388186 95699257
8112589 50677236
46079831 81101479
37535981 97090684
81402548 84274909
99230715 41978783
74347769 57081055
29325748 43305114
2717758 85560555
89035054 82199974
33247782 19235868
64957671 42442592
31693615 31498327
41726536 47243422
6574696 30342873
47503806 51409566
18755785 95707394
89962672 46828435
9259906 53997132
65942248 77277089
846248 68228745
90198645 98400741
37723132 70458283
96521094 76406430
88115573 67260442
10871032 60620650
42906401 68700691
98164768 71638148
79954162 756741
39789930 59221086
22694093 59050209
17445728 62060899
41588207 75397442
37186090 13222625
2205127 35998088
12099719 53175295
91492428 27348457
88335272 91199496
34183537 1847099
66284002 92460731
50270386 54623681
14044462 18340798
75950758 84234224
84909595 40066588
2986279 10049195
82094193 69140089
85886035 48797589
27169443 96236299
54542311 26046537
77098075 19463704
40188643 89710425
53069514 85763980
50555181 95699257
73924645 54379571
37861461 84445786
80238957 48358191
2660799 27706485
5687763 81044520
20667980 3295485
29822105 19943787
48301232 41832317
80775999 5744722
56959000 65844604
10862895 74502372
16160082 41986920
13670160 97440575
40001492 8633357
5972558 93111691
40766370 70743078