417339 812538
605160 567891
547227 472689
190773 135054
699993 461250
261621 382653
212175 773793
596673 933201
140589 675639
85239 376749
22509 646119
918441 344277
853128 577485
653130 868995
483759 511803
599625 195201
936891 607743
894087 581544
153135 962721
397044 601839
745011 911061
415863 562725
626931 94833
753867 821763
610695 148707
706635 257562
160515 548703
154611 475641
303687 866043
28044 832095
302211 967887
601101 618075
105903 421029
869733 681543
804051 474903
140589 988551
645750 139113
301473 635787
182655 38007
198153 191511
562725 329517
297783 907371
706635 137637
728775 578592
773793 212175
483759 364203
423981 955341
652761 724347
57933 799623
528039 705159
527301 914013
749070 51291
379701 184869
877851 238005
231732 274167
414756 403317
440955 176382
147969 630621
279333 992610
650178 970839
283761 852759
866412 840213
696303 40221
963459 812169
285606 407745
604791 671949
43173 297783
497043 150183
147969 873423
716967 111069
897777 845379
413280 158301
895563 908847
647595 590400
112545 348336
730251 99999
246861 474165
778221 285606
439848 535419
845748 266049
694458 834309
473427 897039
596304 973053
484128 941319
461619 892980
790767 236529
919917 918441
975636 771579
654975 26937
609219 55719
575640 629145
419553 666045
150183 837261
559773 843903
845748 389295
245385 207747
892611 77859
811431 113283
92988 362727
84501 119556