100
322 279 424 1014 126 573 490 857 21 889 633 37 139 715 678 113 873 40 227 509 65 625 992 709 748 162 755 982 790 844 445 609 253 581 779 782 885 669 762 914 816 213 95 644 828 844 357 364 717 250 888 286 61 96 610 70 337 703 692 67 190 905 872 57 235 21 708 609 1017 918 642 932 257 846 813 361 668 767 718 427 681 419 712 334 842 604 257 179 304 430 66 650 793 748 993 231 662 496 669 152
11 56
98 100
34 83
57 98
60 74
91 94
29 30
26 91
47 95
46 88
100 100
64 79
34 99
59 99
19 95
22 90
6 94
88 92
12 24
51 98
20 34
7 94
71 73
18 49
37 100
66 93
88 97
40 58
28 86
92 94
78 96
40 72
67 82
58 65
61 79
25 85
2 52
52 75
50 71
51 99
66 69
24 100
6 14
77 77
32 74
21 85
4 60
19 54
9 45
15 34
60 75
13 99
70 92
10 69
34 57
72 74
70 87
18 39
49 93
97 97
61 89
78 78
88 100
11 100
12 24
18 74
86 99
97 97
63 89
40 55
27 51
48 75
71 72
51 74
76 76
80 99
11 13
90 95
8 79
66 90
92 99
32 90
51 74
53 82
82 100
78 84
89 90
21 94
12 81
9 71
65 100
20 77
74 80
62 85
8 79
58 92
35 89
38 46
61 63
42 97